0.025003 0.974987 0.000010
0.023251 0.976739 0.000010
0.036753 0.933144 0.030104
0.034035 0.922942 0.043024
0.015297 0.984693 0.000010
0.000010 0.999980 0.000010
0.037283 0.908070 0.054647
0.033635 0.966355 0.000010
0.041665 0.924524 0.033810
0.000010 0.999980 0.000010
0.018493 0.900342 0.081165
0.000010 0.999980 0.000010
0.000010 0.999980 0.000010
0.008281 0.991709 0.000010
0.031866 0.895262 0.072872
0.045758 0.921827 0.032415
0.025347 0.965879 0.008773
0.000011 0.999979 0.000010
0.014696 0.985294 0.000010
0.000010 0.999980 0.000010
0.000010 0.999980 0.000010
0.000010 0.999980 0.000010
0.000010 0.999980 0.000010
0.019244 0.966344 0.014413
0.000010 0.999980 0.000010
0.034514 0.872458 0.093027
0.999980 0.000010 0.000010
0.030515 0.862474 0.107011
0.035619 0.875041 0.089339
0.037701 0.853237 0.109062
0.030534 0.874339 0.095127
0.020271 0.857167 0.122562
0.031717 0.871917 0.096366
0.027412 0.870886 0.101702
0.041387 0.852957 0.105655
0.037085 0.864282 0.098632
0.046261 0.857548 0.096191
0.034204 0.874172 0.091624
0.019934 0.878995 0.101071
0.028708 0.850038 0.121254
0.034816 0.866197 0.098987
0.041126 0.877311 0.081563
0.049791 0.850298 0.099911
0.046322 0.880304 0.073374
0.999980 0.000010 0.000010
0.059138 0.835742 0.105119
0.038462 0.866112 0.095426
0.027543 0.855570 0.116887
0.054106 0.849088 0.096806
0.024518 0.866391 0.109091
0.031414 0.855258 0.113328
0.029969 0.863690 0.106341
0.041985 0.847092 0.110923
0.029631 0.855031 0.115337
0.036408 0.857718 0.105873
0.028622 0.864944 0.106434
0.049039 0.873334 0.077627
0.011997 0.891323 0.096680
0.031046 0.854769 0.114185
0.046121 0.831302 0.122577
0.047354 0.846843 0.105802
0.039871 0.879791 0.080338
0.027148 0.871079 0.101773
0.029331 0.881570 0.089100
0.029853 0.854634 0.115512
0.041833 0.864922 0.093245
0.026430 0.854130 0.119440
0.031167 0.873822 0.095011
0.025003 0.858348 0.116649
0.032174 0.868191 0.099635
0.030148 0.875175 0.094677
0.027331 0.863937 0.108732
0.024838 0.870127 0.105035
0.049503 0.843310 0.107186
0.043669 0.843156 0.113175
0.027333 0.876391 0.096277
0.027083 0.885343 0.087574
0.036461 0.879541 0.083998
0.032660 0.864476 0.102864
0.033634 0.865297 0.101068
0.000010 0.000010 0.999980
0.999980 0.000010 0.000010
0.040932 0.848609 0.110459
0.041874 0.857791 0.100335
0.051111 0.856288 0.092600
0.037507 0.869053 0.093440
0.000010 0.000010 0.999980
0.041548 0.859966 0.098486
0.039353 0.820562 0.140085
0.035945 0.858147 0.105908
0.041767 0.856666 0.101566
0.999980 0.000010 0.000010
0.059304 0.833577 0.107119
0.043747 0.854812 0.101441
0.043263 0.870986 0.085751
0.000010 0.000010 0.999980
0.042368 0.867564 0.090069
0.999980 0.000010 0.000010
0.999980 0.000010 0.000010
0.066678 0.834048 0.099274
0.049973 0.850537 0.099490
0.049091 0.869532 0.081377
0.025859 0.899855 0.074286
0.071330 0.857387 0.071283
0.046092 0.843591 0.110317
0.049232 0.872596 0.078171
0.051662 0.948328 0.000010
0.029774 0.884116 0.086110
0.000010 0.987494 0.012496
0.028318 0.971672 0.000010
0.041568 0.944068 0.014363
0.023627 0.893296 0.083076
0.058182 0.882185 0.059633
0.027027 0.919014 0.053959
0.048925 0.838402 0.112672
0.000010 0.000010 0.999980
0.000010 0.943898 0.056092
0.033743 0.850762 0.115495
0.000014 0.000010 0.999976
0.000010 0.999980 0.000010
0.022893 0.868628 0.108479
0.037205 0.873313 0.089482
0.027868 0.869594 0.102538
0.041335 0.836912 0.121753
0.031652 0.852710 0.115638
0.021587 0.872160 0.106253
0.000010 0.940112 0.059878
0.047728 0.863124 0.089148
0.054929 0.834034 0.111037
0.029522 0.877503 0.092975
0.999980 0.000010 0.000010
0.024688 0.862397 0.112915
0.039056 0.844668 0.116276
0.042867 0.865197 0.091935
0.091486 0.799059 0.109455
0.019373 0.880415 0.100213
0.000010 0.000010 0.999980
0.034427 0.857902 0.107671
0.042216 0.848997 0.108787
0.028180 0.872948 0.098872
0.999980 0.000010 0.000010
0.000010 0.916981 0.083009
0.029231 0.861178 0.109591
0.033209 0.857926 0.108865
0.044704 0.862040 0.093255
0.052732 0.854571 0.092698
0.049136 0.836268 0.114596
0.032247 0.863685 0.104068
0.130997 0.768716 0.100287
0.038361 0.836237 0.125402
0.000010 0.999980 0.000010
0.043201 0.848986 0.107813
0.035549 0.878227 0.086224
0.047209 0.851336 0.101455
0.045161 0.834502 0.120336
0.000010 0.000010 0.999980
0.053455 0.845453 0.101092
0.023565 0.889007 0.087428
0.016134 0.867656 0.116209
0.000010 0.902640 0.097350
0.024723 0.856645 0.118632
0.028117 0.870454 0.101430
0.040528 0.845208 0.114264
0.031010 0.852952 0.116038
0.022817 0.861068 0.116116
0.030365 0.882153 0.087482
0.036331 0.856007 0.107662
0.031511 0.869631 0.098857
0.031664 0.870219 0.098117
0.039363 0.846166 0.114472
0.042569 0.867742 0.089689
0.999980 0.000010 0.000010
0.000010 0.000010 0.999980
0.035285 0.857755 0.106960
0.000010 0.000010 0.999980
0.039353 0.856829 0.103818
0.057928 0.836855 0.105218
0.048828 0.864377 0.086795
0.033858 0.852350 0.113792
0.054294 0.855928 0.089778
0.029237 0.867939 0.102824
0.033625 0.867498 0.098878
0.019635 0.866538 0.113827
