0.000010 0.999970 0.000010 0.000010
0.000010 0.999970 0.000010 0.000010
0.345283 0.625901 0.027580 0.001236
0.000010 0.999970 0.000010 0.000010
0.000010 0.999970 0.000010 0.000010
0.000010 0.999970 0.000010 0.000010
0.350537 0.584454 0.034233 0.030776
0.000010 0.999970 0.000010 0.000010
0.253629 0.705228 0.026441 0.014701
0.000010 0.999970 0.000010 0.000010
0.290760 0.676685 0.032545 0.000010
0.000010 0.999970 0.000010 0.000010
0.000010 0.999970 0.000010 0.000010
0.000010 0.999970 0.000010 0.000010
0.350310 0.570871 0.041506 0.037312
0.000010 0.999970 0.000010 0.000010
0.000010 0.999970 0.000010 0.000010
0.000010 0.999970 0.000010 0.000010
0.000010 0.999970 0.000010 0.000010
0.000010 0.999970 0.000010 0.000010
0.000010 0.999970 0.000010 0.000010
0.000010 0.999970 0.000010 0.000010
0.000010 0.999970 0.000010 0.000010
0.000010 0.999970 0.000010 0.000010
0.000010 0.999970 0.000010 0.000010
0.439452 0.492825 0.023465 0.044259
0.000010 0.000010 0.000010 0.999970
0.439537 0.479136 0.027142 0.054185
0.438760 0.483954 0.034343 0.042944
0.449777 0.463976 0.037653 0.048593
0.429154 0.477932 0.042662 0.050252
0.448287 0.483672 0.025769 0.042271
0.430529 0.510502 0.014804 0.044165
0.430638 0.489814 0.026557 0.052990
0.424844 0.484357 0.029946 0.060853
0.460460 0.461837 0.025763 0.051940
0.441095 0.484132 0.013840 0.060932
0.446315 0.479373 0.023116 0.051196
0.458299 0.476803 0.019439 0.045459
0.446507 0.472874 0.033297 0.047322
0.447177 0.473293 0.039406 0.040124
0.442202 0.463864 0.031377 0.062557
0.444252 0.463173 0.035276 0.057299
0.431599 0.481124 0.021093 0.066184
0.000010 0.000010 0.000010 0.999970
0.420351 0.479542 0.040971 0.059136
0.438624 0.468685 0.031049 0.061642
0.440634 0.461868 0.034112 0.063386
0.425452 0.475999 0.036194 0.062355
0.454655 0.472908 0.026390 0.046047
0.437604 0.482927 0.030913 0.048556
0.440472 0.479713 0.027137 0.052679
0.444847 0.461848 0.037525 0.055780
0.455979 0.471155 0.036586 0.036280
0.437394 0.487513 0.031430 0.043663
0.426553 0.490418 0.025542 0.057487
0.433163 0.477946 0.029827 0.059064
0.460484 0.495937 0.015419 0.028159
0.463966 0.460234 0.036469 0.039330
0.443362 0.455806 0.058627 0.042205
0.438609 0.459167 0.026369 0.075856
0.446411 0.476349 0.016535 0.060704
0.472532 0.451136 0.013275 0.063057
0.436233 0.489087 0.044362 0.030318
0.432000 0.493666 0.017236 0.057098
0.429549 0.473865 0.032287 0.064300
0.448673 0.472678 0.026012 0.052637
0.440462 0.497775 0.026607 0.035155
0.428324 0.492876 0.035477 0.043323
0.430054 0.489556 0.025665 0.054725
0.446838 0.498939 0.016007 0.038215
0.443869 0.478790 0.037598 0.039742
0.437722 0.489355 0.022301 0.050623
0.442403 0.468753 0.037289 0.051555
0.441549 0.466665 0.032940 0.058846
0.448879 0.467574 0.029591 0.053957
0.455370 0.484141 0.020519 0.039969
0.448078 0.477536 0.027076 0.047310
0.436859 0.488988 0.027546 0.046608
0.440787 0.483109 0.031143 0.044961
0.999970 0.000010 0.000010 0.000010
0.000010 0.000010 0.999970 0.000010
0.452165 0.476038 0.039591 0.032207
0.418868 0.470991 0.051581 0.058560
0.410117 0.523129 0.030363 0.036391
0.439027 0.478654 0.032136 0.050183
0.999970 0.000010 0.000010 0.000010
0.430455 0.499113 0.033571 0.036861
0.433950 0.487571 0.033473 0.045006
0.401246 0.523271 0.036418 0.039064
0.408259 0.525125 0.037899 0.028717
0.000010 0.000010 0.999970 0.000010
0.395298 0.515001 0.047240 0.042461
0.411780 0.494493 0.049695 0.044032
0.389222 0.539496 0.024548 0.046734
0.000010 0.999970 0.000010 0.000010
0.401298 0.514962 0.039064 0.044677
0.000010 0.000010 0.999970 0.000010
0.000010 0.000010 0.999970 0.000010
0.394557 0.491813 0.069823 0.043807
0.405643 0.497302 0.030963 0.066091
0.413023 0.521425 0.034014 0.031538
0.415147 0.518207 0.036133 0.030513
0.389883 0.490999 0.073319 0.045800
0.397905 0.510687 0.049033 0.042376
0.311215 0.618959 0.045845 0.023982
0.000010 0.999970 0.000010 0.000010
0.390328 0.564851 0.000010 0.044811
0.000010 0.999970 0.000010 0.000010
0.000010 0.999970 0.000010 0.000010
0.263515 0.663847 0.025365 0.047272
0.000010 0.999970 0.000010 0.000010
0.314791 0.592089 0.044260 0.048860
0.173662 0.790319 0.036008 0.000010
0.437480 0.463437 0.030878 0.068205
0.000010 0.000010 0.999970 0.000010
0.000010 0.000010 0.000010 0.999970
0.441058 0.466938 0.027953 0.064051
0.000010 0.000010 0.999970 0.000010
0.999970 0.000010 0.000010 0.000010
0.465211 0.459034 0.019836 0.055919
0.444262 0.502333 0.011781 0.041624
0.442584 0.490977 0.017661 0.048778
0.440519 0.473405 0.029306 0.056771
0.448311 0.460788 0.038925 0.051977
0.458946 0.480364 0.007874 0.052817
0.000010 0.000010 0.000010 0.999970
0.436602 0.461895 0.022097 0.079406
0.428994 0.477291 0.037365 0.056350
0.438776 0.489650 0.011607 0.059966
0.000010 0.000010 0.000010 0.999970
0.454141 0.464755 0.028229 0.052875
0.457610 0.460953 0.034948 0.046490
0.428422 0.492499 0.018080 0.060999
0.396681 0.458257 0.092653 0.052409
0.437969 0.485701 0.021887 0.054443
0.999970 0.000010 0.000010 0.000010
0.437370 0.471131 0.037571 0.053929
0.439022 0.457943 0.045240 0.057794
0.437613 0.493972 0.021675 0.046740
0.000010 0.000010 0.999970 0.000010
0.999970 0.000010 0.000010 0.000010
0.449592 0.481840 0.020103 0.048464
0.456289 0.469368 0.024155 0.050189
0.440574 0.462335 0.028357 0.068734
0.417531 0.504410 0.030828 0.047231
0.425652 0.474693 0.046170 0.053485
0.445649 0.470711 0.035857 0.047783
0.385043 0.431175 0.140250 0.043532
0.431982 0.469449 0.037366 0.061203
0.999970 0.000010 0.000010 0.000010
0.433949 0.465251 0.039714 0.061086
0.448728 0.467727 0.028598 0.054947
0.434000 0.447988 0.042736 0.075276
0.420934 0.464941 0.040943 0.073181
0.000010 0.999970 0.000010 0.000010
0.424476 0.471040 0.034055 0.070429
0.460307 0.467470 0.014597 0.057626
0.437790 0.507034 0.020596 0.034580
0.999970 0.000010 0.000010 0.000010
0.449174 0.487645 0.022692 0.040489
0.450717 0.451975 0.039106 0.058202
0.416289 0.513790 0.028270 0.041651
0.450099 0.444027 0.047520 0.058354
0.453274 0.483384 0.026757 0.036585
0.438076 0.500469 0.025780 0.035675
0.424290 0.500794 0.025649 0.049267
0.430768 0.484248 0.031554 0.053429
0.438998 0.462711 0.031589 0.066702
0.435082 0.484113 0.025326 0.055479
0.438547 0.454175 0.040252 0.067026
0.000010 0.000010 0.000010 0.999970
0.999970 0.000010 0.000010 0.000010
0.433667 0.472162 0.036913 0.057258
0.000010 0.999970 0.000010 0.000010
0.431343 0.513828 0.015510 0.039318
0.414944 0.484708 0.039897 0.060451
0.435818 0.485647 0.027346 0.051189
0.433914 0.491882 0.035621 0.038583
0.330215 0.620962 0.000010 0.048813
0.426863 0.510740 0.007242 0.055155
0.442901 0.486964 0.018846 0.051289
0.466518 0.458789 0.029353 0.045340
