0.000010 0.000010 0.778785 0.221195
0.000010 0.999970 0.000010 0.000010
0.000010 0.000010 0.737709 0.262271
0.153700 0.064408 0.590017 0.191875
0.106867 0.000010 0.682977 0.210146
0.000010 0.137522 0.633039 0.229429
0.555160 0.444820 0.000010 0.000010
0.028486 0.179915 0.612891 0.178708
0.136782 0.041678 0.619486 0.202054
0.078147 0.000010 0.718650 0.203193
0.000010 0.180069 0.627773 0.192149
0.999970 0.000010 0.000010 0.000010
0.000010 0.284384 0.555019 0.160587
0.214979 0.151673 0.483221 0.150127
0.182110 0.161193 0.472011 0.184686
0.000010 0.999970 0.000010 0.000010
0.214204 0.170077 0.458828 0.156890
0.999970 0.000010 0.000010 0.000010
0.000010 0.999970 0.000010 0.000010
0.291445 0.171861 0.404258 0.132436
0.248387 0.121365 0.459954 0.170295
0.222596 0.162847 0.476973 0.137584
0.000010 0.999970 0.000010 0.000010
0.167747 0.205593 0.470514 0.156146
0.224186 0.145252 0.439943 0.190619
0.987337 0.000010 0.000010 0.012643
0.999970 0.000010 0.000010 0.000010
0.385251 0.000010 0.452257 0.162482
0.999970 0.000010 0.000010 0.000010
0.999970 0.000010 0.000010 0.000010
0.999970 0.000010 0.000010 0.000010
0.999970 0.000010 0.000010 0.000010
0.944276 0.000010 0.000010 0.055704
0.000010 0.000010 0.000010 0.999970
0.000010 0.000010 0.752294 0.247686
0.000010 0.223939 0.586713 0.189338
0.000010 0.000010 0.729348 0.270632
0.000010 0.000010 0.755487 0.244493
0.000010 0.229305 0.603200 0.167485
0.000010 0.000010 0.743833 0.256147
0.000010 0.000010 0.763184 0.236796
0.000010 0.000010 0.783847 0.216133
0.000010 0.000010 0.767288 0.232692
0.109567 0.015427 0.657175 0.217830
0.049871 0.131719 0.622716 0.195694
0.000010 0.000010 0.759508 0.240472
0.000010 0.000010 0.751143 0.248837
0.080236 0.000010 0.672978 0.246777
0.000010 0.127680 0.667842 0.204469
0.000010 0.000010 0.757253 0.242727
0.000010 0.999970 0.000010 0.000010
0.000010 0.000010 0.763961 0.236019
0.000010 0.000010 0.764425 0.235555
0.132551 0.000010 0.666719 0.200720
0.111643 0.000010 0.686008 0.202338
0.000010 0.038445 0.745514 0.216031
0.000010 0.000010 0.769506 0.230474
0.000010 0.154683 0.646085 0.199222
0.000010 0.119716 0.646971 0.233303
0.000010 0.000010 0.756379 0.243601
0.999970 0.000010 0.000010 0.000010
0.000010 0.000010 0.768605 0.231375
0.999970 0.000010 0.000010 0.000010
0.000010 0.000010 0.757317 0.242663
0.000010 0.000010 0.738196 0.261784
0.101720 0.074372 0.633439 0.190468
0.000010 0.000010 0.751830 0.248150
0.000010 0.000010 0.756276 0.243704
0.155542 0.102364 0.552965 0.189129
0.000010 0.000010 0.776559 0.223421
0.000010 0.000010 0.736412 0.263568
0.000010 0.131089 0.662150 0.206751
0.000010 0.000010 0.775337 0.224643
0.000010 0.000010 0.743106 0.256874
0.000010 0.000010 0.753237 0.246743
0.000010 0.999970 0.000010 0.000010
0.083682 0.000010 0.686669 0.229639
0.000010 0.000010 0.752194 0.247786
0.000010 0.000010 0.767882 0.232098
0.000010 0.000010 0.764622 0.235358
0.000010 0.000010 0.754831 0.245149
0.085519 0.045141 0.634932 0.234407
0.000010 0.081775 0.724144 0.194071
0.000010 0.000010 0.753860 0.246120
0.000010 0.000010 0.782656 0.217324
0.000010 0.139041 0.666729 0.194220
0.000010 0.000010 0.769732 0.230248
0.000010 0.000010 0.779775 0.220205
0.000010 0.000010 0.738621 0.261359
0.000010 0.000010 0.752223 0.247757
0.000010 0.000010 0.755521 0.244459
0.000010 0.999970 0.000010 0.000010
0.593678 0.406302 0.000010 0.000010
0.000010 0.000010 0.769861 0.230119
0.000010 0.999970 0.000010 0.000010
0.151388 0.057561 0.635374 0.155676
0.000010 0.000010 0.741199 0.258781
0.000010 0.000010 0.999970 0.000010
0.000010 0.000010 0.778979 0.221001
0.000010 0.000010 0.783390 0.216590
0.107751 0.257674 0.531001 0.103574
0.136946 0.000010 0.659511 0.203533
0.000010 0.000010 0.795086 0.204894
0.000010 0.000010 0.743435 0.256545
0.999970 0.000010 0.000010 0.000010
0.999970 0.000010 0.000010 0.000010
0.999970 0.000010 0.000010 0.000010
0.999970 0.000010 0.000010 0.000010
0.999970 0.000010 0.000010 0.000010
0.999970 0.000010 0.000010 0.000010
0.898175 0.000010 0.000010 0.101805
0.999970 0.000010 0.000010 0.000010
0.999970 0.000010 0.000010 0.000010
0.999970 0.000010 0.000010 0.000010
0.999970 0.000010 0.000010 0.000010
0.999970 0.000010 0.000010 0.000010
0.999970 0.000010 0.000010 0.000010
0.999970 0.000010 0.000010 0.000010
0.999970 0.000010 0.000010 0.000010
0.999970 0.000010 0.000010 0.000010
0.999970 0.000010 0.000010 0.000010
0.999970 0.000010 0.000010 0.000010
0.999970 0.000010 0.000010 0.000010
0.999970 0.000010 0.000010 0.000010
0.999970 0.000010 0.000010 0.000010
0.999970 0.000010 0.000010 0.000010
0.999970 0.000010 0.000010 0.000010
0.999970 0.000010 0.000010 0.000010
0.999970 0.000010 0.000010 0.000010
0.000010 0.000010 0.762430 0.237550
0.000010 0.000010 0.000010 0.999970
0.093794 0.000010 0.679062 0.227134
0.000010 0.000010 0.759718 0.240262
0.000010 0.000010 0.757167 0.242813
0.000010 0.000010 0.747276 0.252704
0.000010 0.000010 0.999970 0.000010
0.000010 0.000010 0.768634 0.231346
0.000010 0.000010 0.751044 0.248936
0.000010 0.000010 0.758744 0.241236
0.000010 0.000010 0.758224 0.241756
0.000010 0.131916 0.643088 0.224987
0.000010 0.000010 0.769261 0.230719
0.000010 0.000010 0.730385 0.269595
0.000010 0.142159 0.641012 0.216820
0.000010 0.000010 0.762409 0.237571
0.122921 0.026652 0.636236 0.214191
0.000010 0.000010 0.750761 0.249219
0.000010 0.127636 0.672186 0.200167
0.000010 0.000010 0.000010 0.999970
0.000010 0.000010 0.732980 0.267000
0.000010 0.000010 0.734880 0.265100
0.000010 0.000010 0.733689 0.266291
0.144966 0.000010 0.646312 0.208712
0.000010 0.000010 0.762040 0.237940
0.000010 0.134130 0.649100 0.216760
0.000010 0.000010 0.766437 0.233543
0.000010 0.000010 0.762618 0.237362
0.000010 0.061506 0.717944 0.220540
0.000010 0.151128 0.651601 0.197261
0.000010 0.000010 0.755250 0.244730
0.000010 0.000010 0.768153 0.231827
0.000010 0.000010 0.755936 0.244044
0.000010 0.000010 0.774189 0.225791
0.000010 0.000010 0.758205 0.241775
0.000010 0.134961 0.641954 0.223074
0.000010 0.000010 0.754306 0.245674
0.000010 0.000010 0.751211 0.248769
0.000010 0.000010 0.753267 0.246713
0.000010 0.000010 0.757600 0.242380
0.000010 0.000010 0.758179 0.241801
0.000010 0.137250 0.645494 0.217246
0.000010 0.000010 0.764762 0.235218
0.000010 0.123814 0.662993 0.213183
0.000010 0.131385 0.657855 0.210750
0.086031 0.000010 0.688846 0.225114
0.000010 0.000010 0.760899 0.239081
0.000010 0.063204 0.691599 0.245187
0.000010 0.000010 0.759281 0.240699
0.000010 0.000010 0.753647 0.246333
0.096726 0.000010 0.692080 0.211184
0.000010 0.000010 0.753479 0.246501
0.157437 0.045308 0.604467 0.192789
0.135787 0.000010 0.645691 0.218512
0.000010 0.138318 0.653695 0.207977
