0.000010 0.000010 0.999970 0.000010
0.000010 0.999970 0.000010 0.000010
0.753949 0.184613 0.034579 0.026859
0.730845 0.173077 0.055881 0.040197
0.763648 0.170190 0.046818 0.019345
0.758292 0.178779 0.043531 0.019399
0.983054 0.000010 0.000010 0.016926
0.771138 0.169809 0.040340 0.018713
0.749157 0.172602 0.047669 0.030572
0.768549 0.183128 0.022222 0.026101
0.786391 0.171538 0.020091 0.021980
0.999970 0.000010 0.000010 0.000010
0.758412 0.195387 0.017235 0.028965
0.762841 0.168067 0.029172 0.039920
0.764134 0.182319 0.039667 0.013879
0.000010 0.999970 0.000010 0.000010
0.762171 0.174698 0.029458 0.033672
0.999970 0.000010 0.000010 0.000010
0.000010 0.999970 0.000010 0.000010
0.777625 0.180311 0.016123 0.025941
0.744373 0.168650 0.056212 0.030764
0.821801 0.152242 0.001175 0.024782
0.801110 0.164674 0.020726 0.013490
0.774146 0.171356 0.022002 0.032497
0.727670 0.206463 0.023044 0.042823
0.800748 0.151087 0.000010 0.048155
0.888028 0.108146 0.003816 0.000010
0.778228 0.155638 0.059472 0.006662
0.915680 0.072494 0.006216 0.005610
0.927775 0.072205 0.000010 0.000010
0.825797 0.125907 0.024810 0.023485
0.886657 0.091674 0.021659 0.000010
0.804809 0.141593 0.024834 0.028765
0.890852 0.109128 0.000010 0.000010
0.722089 0.186951 0.043360 0.047599
0.000010 0.000010 0.000010 0.999970
0.000010 0.000010 0.999970 0.000010
0.723416 0.193504 0.042089 0.040990
0.000010 0.000010 0.000010 0.999970
0.000012 0.999968 0.000010 0.000010
0.731148 0.189639 0.047777 0.031436
0.782055 0.189883 0.009763 0.018298
0.758968 0.175115 0.035012 0.030904
0.740300 0.174565 0.042060 0.043075
0.740455 0.179903 0.039349 0.040292
0.747136 0.166708 0.058127 0.028030
0.000010 0.000010 0.999970 0.000010
0.735397 0.184073 0.043575 0.036954
0.755634 0.184600 0.025876 0.033890
0.746274 0.168863 0.049809 0.035053
0.000010 0.999970 0.000010 0.000010
0.748535 0.166569 0.052371 0.032525
0.741595 0.180750 0.041155 0.036500
0.760705 0.163412 0.043381 0.032502
0.767365 0.170846 0.029417 0.032372
0.763296 0.169487 0.039685 0.027533
0.000010 0.000010 0.999970 0.000010
0.743744 0.181970 0.046060 0.028226
0.721679 0.177134 0.055988 0.045199
0.737466 0.193519 0.036350 0.032666
0.995863 0.000010 0.000010 0.004117
0.774666 0.159981 0.045258 0.020096
0.762310 0.169847 0.038087 0.029755
0.729817 0.196442 0.039560 0.034182
0.756830 0.144477 0.056938 0.041756
0.763724 0.190253 0.017030 0.028993
0.745574 0.174664 0.040201 0.039561
0.761441 0.163317 0.039845 0.035397
0.790553 0.150649 0.027751 0.031046
0.729933 0.192955 0.044187 0.032925
0.000010 0.999970 0.000010 0.000010
0.729987 0.186106 0.048508 0.035400
0.752602 0.171847 0.053792 0.021760
0.729234 0.168214 0.057153 0.045399
0.720519 0.183040 0.052761 0.043680
0.000010 0.999970 0.000010 0.000010
0.732738 0.178903 0.035595 0.052764
0.734541 0.172769 0.054369 0.038320
0.754522 0.177667 0.036286 0.031525
0.755437 0.148576 0.057944 0.038043
0.758648 0.173667 0.034263 0.033422
0.734355 0.181611 0.044431 0.039603
0.737155 0.194958 0.040461 0.027426
0.737226 0.161516 0.056009 0.045249
0.747439 0.200331 0.036856 0.015374
0.786106 0.151051 0.033760 0.029083
0.772139 0.163224 0.036987 0.027650
0.765343 0.166970 0.037710 0.029977
0.722452 0.179811 0.054863 0.042874
0.737100 0.187560 0.027764 0.047576
0.742389 0.170970 0.049657 0.036984
0.000010 0.999970 0.000010 0.000010
0.985659 0.000010 0.000010 0.014321
0.722102 0.194726 0.043925 0.039246
0.000010 0.999970 0.000010 0.000010
0.784802 0.188441 0.008829 0.017928
0.751013 0.182392 0.027245 0.039349
0.000010 0.000010 0.999970 0.000010
0.759449 0.172255 0.039031 0.029265
0.751240 0.175920 0.034221 0.038619
0.841935 0.132146 0.000010 0.025909
0.767261 0.164803 0.035770 0.032167
0.747480 0.175453 0.046128 0.030939
0.757116 0.149113 0.053615 0.040156
0.859615 0.117012 0.000010 0.023363
0.860890 0.085437 0.044552 0.009121
0.822423 0.163061 0.014506 0.000010
0.947629 0.000010 0.034235 0.018127
0.897668 0.091274 0.009390 0.001668
0.999970 0.000010 0.000010 0.000010
0.823725 0.117089 0.033073 0.026112
0.952275 0.000010 0.047705 0.000010
0.836793 0.115765 0.040539 0.006902
0.999970 0.000010 0.000010 0.000010
0.825751 0.140700 0.027421 0.006128
0.999970 0.000010 0.000010 0.000010
0.999970 0.000010 0.000010 0.000010
0.978844 0.000010 0.021136 0.000010
0.787471 0.168385 0.024215 0.019929
0.907375 0.055521 0.000010 0.037095
0.861028 0.082954 0.043093 0.012925
0.928852 0.000010 0.071128 0.000010
0.895271 0.010285 0.094434 0.000010
0.999970 0.000010 0.000010 0.000010
0.897720 0.000010 0.102260 0.000010
0.999970 0.000010 0.000010 0.000010
0.932352 0.000010 0.067628 0.000010
0.881850 0.037163 0.080604 0.000383
0.999970 0.000010 0.000010 0.000010
0.744984 0.181913 0.038509 0.034593
0.000010 0.000010 0.000010 0.999970
0.744045 0.170540 0.037056 0.048359
0.763915 0.169929 0.036376 0.029781
0.734571 0.185537 0.036828 0.043064
0.749958 0.170784 0.047116 0.032142
0.747059 0.185360 0.040011 0.027570
0.769153 0.171834 0.026346 0.032668
0.763726 0.150096 0.051148 0.035030
0.740484 0.189388 0.034851 0.035277
0.746947 0.167119 0.047296 0.038639
0.752344 0.170426 0.048422 0.028807
0.754420 0.166219 0.040234 0.039128
0.748951 0.168489 0.045267 0.037293
0.727678 0.184650 0.053378 0.034294
0.751479 0.177391 0.035620 0.035510
0.759398 0.163634 0.043003 0.033965
0.744425 0.178916 0.046773 0.029886
0.754582 0.181287 0.035932 0.028200
0.000010 0.000010 0.000010 0.999970
0.758438 0.161998 0.035200 0.044364
0.745308 0.162797 0.049479 0.042416
0.736920 0.160509 0.053411 0.049159
0.745895 0.189936 0.026245 0.037924
0.749119 0.184871 0.030338 0.035673
0.737382 0.184628 0.041972 0.036018
0.735487 0.185062 0.045345 0.034106
0.724329 0.190982 0.046752 0.037937
0.765147 0.191620 0.023990 0.019243
0.754012 0.179307 0.036900 0.029781
0.737581 0.174696 0.048994 0.038729
0.732084 0.193716 0.042053 0.032147
0.770748 0.164825 0.046279 0.018147
0.742700 0.179975 0.041975 0.035349
0.741556 0.176037 0.036867 0.045540
0.721831 0.184278 0.050963 0.042927
0.758857 0.173295 0.038265 0.029583
0.714339 0.210561 0.038528 0.036572
0.773803 0.177611 0.019983 0.028603
0.726974 0.181427 0.052666 0.038933
0.742039 0.170904 0.052570 0.034488
0.741460 0.181552 0.042224 0.034764
0.771100 0.172473 0.019164 0.037262
0.753961 0.173727 0.037006 0.035306
0.741123 0.171034 0.048065 0.039778
0.746799 0.196540 0.031514 0.025147
0.723296 0.193820 0.046961 0.035923
0.740299 0.178426 0.036895 0.044381
0.767540 0.154061 0.035977 0.042422
0.728319 0.188184 0.046147 0.037350
0.741918 0.179438 0.043839 0.034805
0.747085 0.176342 0.045584 0.030989
0.768019 0.173071 0.029515 0.029395
0.769811 0.163860 0.030847 0.035482
0.758393 0.167597 0.038861 0.035149
