0.000010 0.999956 0.000014 0.000010 0.000010
0.000010 0.000010 0.000010 0.000010 0.999960
0.088006 0.882527 0.002106 0.000785 0.026577
0.117579 0.820012 0.010408 0.019626 0.032375
0.082997 0.820421 0.009172 0.000010 0.087400
0.102995 0.852812 0.000010 0.007423 0.036760
0.999960 0.000010 0.000010 0.000010 0.000010
0.094762 0.833189 0.000010 0.000010 0.072029
0.104344 0.835933 0.013720 0.011601 0.034403
0.086871 0.847642 0.000010 0.000010 0.065467
0.052411 0.877499 0.031823 0.008377 0.029890
0.000010 0.000010 0.999960 0.000010 0.000010
0.082201 0.792179 0.037467 0.000010 0.088144
0.059844 0.839556 0.029292 0.013902 0.057405
0.075493 0.843642 0.036324 0.021097 0.023444
0.000010 0.000010 0.999952 0.000018 0.000010
0.068731 0.866097 0.020876 0.000010 0.044285
0.000010 0.000010 0.999960 0.000010 0.000010
0.000010 0.000010 0.000010 0.000010 0.999960
0.100953 0.760542 0.040743 0.005829 0.091933
0.113576 0.752499 0.030701 0.033503 0.069720
0.050285 0.851085 0.030044 0.000010 0.068576
0.070025 0.848204 0.000010 0.005301 0.076460
0.056716 0.812472 0.041265 0.013681 0.075866
0.035580 0.861954 0.041605 0.000010 0.060851
0.014103 0.704190 0.068801 0.003675 0.209231
0.107361 0.000010 0.000010 0.000010 0.892609
0.088278 0.762839 0.030796 0.018041 0.100046
0.000010 0.000010 0.000010 0.000010 0.999960
0.000010 0.000010 0.000010 0.000010 0.999960
0.000010 0.000010 0.000010 0.000010 0.999960
0.000010 0.000010 0.000010 0.000010 0.999960
0.060044 0.676025 0.031510 0.000010 0.232411
0.000010 0.000010 0.000010 0.000010 0.999960
0.999960 0.000010 0.000010 0.000010 0.000010
0.000010 0.000010 0.000010 0.000010 0.999960
0.999960 0.000010 0.000010 0.000010 0.000010
0.079104 0.899027 0.017243 0.002261 0.002364
0.000010 0.000018 0.000010 0.000010 0.999952
0.000010 0.993031 0.000011 0.006938 0.000010
0.097576 0.865601 0.017985 0.018828 0.000010
0.065045 0.921958 0.000010 0.000010 0.012977
0.089824 0.897799 0.005435 0.000722 0.006219
0.086686 0.875543 0.026171 0.005584 0.006017
0.078506 0.885452 0.023236 0.008829 0.003977
0.091303 0.876582 0.012384 0.019721 0.000010
0.999960 0.000010 0.000010 0.000010 0.000010
0.113635 0.852069 0.023755 0.010531 0.000010
0.095988 0.878629 0.023146 0.000010 0.002227
0.091186 0.892498 0.009515 0.006791 0.000010
0.999960 0.000010 0.000010 0.000010 0.000010
0.105781 0.875057 0.009166 0.009986 0.000010
0.085431 0.865981 0.019839 0.016820 0.011928
0.085682 0.877285 0.027622 0.009401 0.000010
0.081179 0.819921 0.084092 0.011943 0.002865
0.093542 0.872975 0.003553 0.021848 0.008081
0.000010 0.999960 0.000010 0.000010 0.000010
0.088780 0.868121 0.016250 0.020710 0.006139
0.079023 0.860030 0.029101 0.020646 0.011200
0.073576 0.909873 0.010454 0.004940 0.001157
0.000010 0.000010 0.999960 0.000010 0.000010
0.000010 0.000010 0.000010 0.999960 0.000010
0.095656 0.876231 0.003919 0.012513 0.011681
0.079389 0.902966 0.011689 0.005945 0.000010
0.077454 0.881338 0.021478 0.019721 0.000010
0.081559 0.859866 0.023140 0.002214 0.033221
0.083159 0.842757 0.029893 0.010613 0.033578
0.085134 0.886554 0.011764 0.016537 0.000010
0.066369 0.807123 0.113757 0.012742 0.000010
0.109056 0.848782 0.027423 0.014729 0.000010
0.000010 0.999065 0.000010 0.000905 0.000010
0.095834 0.861395 0.018652 0.009675 0.014445
0.085376 0.887334 0.000010 0.014574 0.012706
0.095849 0.861426 0.026645 0.015562 0.000518
0.109738 0.836040 0.023310 0.018595 0.012316
0.000010 0.000010 0.999960 0.000010 0.000010
0.076474 0.867616 0.027888 0.011479 0.016542
0.071668 0.913048 0.001220 0.014054 0.000010
0.083254 0.886441 0.004231 0.008948 0.017126
0.000010 0.000010 0.000010 0.999960 0.000010
0.081602 0.916637 0.000963 0.000010 0.000787
0.090268 0.904779 0.000543 0.000460 0.003949
0.021536 0.898982 0.035659 0.011615 0.032208
0.104129 0.841157 0.020110 0.024359 0.010246
0.099176 0.878931 0.003720 0.010655 0.007518
0.062084 0.918733 0.002097 0.004304 0.012783
0.075567 0.885914 0.022673 0.006578 0.009269
0.103721 0.881902 0.002478 0.005745 0.006153
0.075277 0.876341 0.021819 0.026553 0.000010
0.082564 0.876766 0.024688 0.000118 0.015864
0.108700 0.855326 0.017419 0.013661 0.004895
0.999960 0.000010 0.000010 0.000010 0.000010
0.999960 0.000010 0.000010 0.000010 0.000010
0.101773 0.862539 0.020423 0.011880 0.003385
0.000010 0.000013 0.999949 0.000018 0.000010
0.095459 0.843204 0.017540 0.000010 0.043788
0.099714 0.854282 0.024176 0.004145 0.017684
0.000010 0.000010 0.000010 0.999960 0.000010
0.091152 0.872626 0.014998 0.007694 0.013529
0.076381 0.895493 0.005026 0.000010 0.023090
0.121470 0.677738 0.005770 0.000010 0.195012
0.093505 0.854445 0.017623 0.008504 0.025923
0.111414 0.838269 0.006043 0.004900 0.039374
0.069152 0.895675 0.013740 0.018113 0.003320
0.000010 0.000010 0.000010 0.000010 0.999960
0.000010 0.000010 0.000010 0.000010 0.999960
0.030984 0.756681 0.037691 0.016476 0.158167
0.000010 0.000010 0.000010 0.000010 0.999960
0.000010 0.000010 0.000010 0.000010 0.999960
0.000010 0.000010 0.000010 0.000010 0.999960
0.064803 0.748015 0.018624 0.000010 0.168548
0.000010 0.000010 0.000010 0.000010 0.999960
0.036489 0.551285 0.017517 0.031361 0.363347
0.000010 0.000010 0.000010 0.000010 0.999960
0.000010 0.000010 0.000010 0.000010 0.999960
0.000010 0.000010 0.000010 0.000010 0.999960
0.000010 0.000010 0.000010 0.000010 0.999960
0.000010 0.000010 0.000010 0.000010 0.999960
0.068605 0.741981 0.014067 0.026568 0.148778
0.040176 0.490184 0.051009 0.000010 0.418622
0.000010 0.000010 0.000010 0.000010 0.999960
0.000010 0.000010 0.000010 0.000010 0.999960
0.000010 0.000010 0.000010 0.033669 0.966301
0.000010 0.000010 0.000010 0.000010 0.999960
0.000010 0.000010 0.000010 0.060429 0.939541
0.000010 0.000010 0.000010 0.000010 0.999960
0.000010 0.000010 0.000010 0.048913 0.951057
0.000010 0.000010 0.000010 0.000010 0.999960
0.000010 0.000010 0.000010 0.000010 0.999960
0.078891 0.891324 0.015276 0.009493 0.005016
0.000010 0.000010 0.999960 0.000010 0.000010
0.069575 0.897731 0.023932 0.008752 0.000010
0.088954 0.876953 0.011860 0.013547 0.008686
0.065281 0.865006 0.030719 0.017431 0.021564
0.094077 0.870370 0.011816 0.014100 0.009636
0.082244 0.902379 0.003859 0.008447 0.003071
0.066758 0.909379 0.017602 0.004197 0.002064
0.095419 0.881158 0.010182 0.007161 0.006080
0.092320 0.878385 0.026084 0.003201 0.000010
0.070621 0.885053 0.023805 0.020511 0.000010
0.099957 0.867079 0.020349 0.012002 0.000612
0.078395 0.894088 0.003758 0.009715 0.014044
0.059977 0.898114 0.008834 0.024813 0.008261
0.088060 0.871352 0.014002 0.020478 0.006109
0.076870 0.886580 0.016431 0.012600 0.007519
0.092826 0.867276 0.005967 0.017544 0.016387
0.082784 0.877227 0.022134 0.017845 0.000010
0.094219 0.883389 0.016818 0.005483 0.000092
0.000010 0.000010 0.999960 0.000010 0.000010
0.063375 0.896491 0.031498 0.003617 0.005019
0.091171 0.876031 0.007097 0.012297 0.013403
0.089801 0.865945 0.022952 0.009402 0.011899
0.097371 0.871366 0.013516 0.000010 0.017737
0.094856 0.886008 0.000010 0.014590 0.004535
0.093019 0.857832 0.025751 0.010996 0.012402
0.093593 0.876422 0.006594 0.023382 0.000010
0.097782 0.845993 0.019403 0.017338 0.019484
0.086698 0.885712 0.003000 0.000010 0.024581
0.090919 0.860516 0.024867 0.014288 0.009410
0.093355 0.886461 0.017804 0.002266 0.000114
0.099334 0.859709 0.020437 0.011695 0.008825
0.087689 0.896933 0.000010 0.014689 0.000679
0.082845 0.880790 0.011388 0.018385 0.006593
0.063211 0.877499 0.017910 0.013782 0.027599
0.111138 0.840968 0.027629 0.020256 0.000010
0.103193 0.872330 0.014723 0.009745 0.000010
0.099692 0.888786 0.000010 0.011503 0.000010
0.059440 0.912623 0.009272 0.003069 0.015595
0.082232 0.880267 0.017424 0.001393 0.018685
0.089615 0.863298 0.029292 0.015285 0.002511
0.106991 0.848961 0.013382 0.017580 0.013087
0.056052 0.930658 0.004063 0.001310 0.007917
0.072256 0.905241 0.016752 0.004511 0.001239
0.066677 0.897830 0.019079 0.013557 0.002856
0.071940 0.897972 0.006740 0.007768 0.015580
0.045576 0.904277 0.006341 0.007971 0.035835
0.071913 0.882662 0.010890 0.012199 0.022336
0.070425 0.890641 0.020207 0.013085 0.005642
0.106063 0.847522 0.022692 0.013896 0.009828
0.094527 0.882797 0.001130 0.010391 0.011155
0.067584 0.899299 0.010868 0.022239 0.000010
0.074750 0.896570 0.013928 0.014742 0.000010
0.084856 0.880576 0.020394 0.013687 0.000487
0.065038 0.891052 0.019552 0.016641 0.007718
