0.000010 0.000010 0.999980
0.006421 0.212243 0.781336
0.000466 0.295839 0.703696
0.013887 0.274754 0.711358
0.015767 0.260319 0.723913
0.000010 0.291369 0.708621
0.000010 0.999980 0.000010
0.006214 0.264168 0.729618
0.015928 0.277498 0.706575
0.012380 0.278085 0.709535
0.010528 0.308467 0.681005
0.000010 0.999980 0.000010
0.005062 0.277234 0.717704
0.008810 0.299219 0.691971
0.010045 0.302049 0.687905
0.000010 0.999980 0.000010
0.001805 0.280091 0.718104
0.000010 0.999980 0.000010
0.000010 0.224841 0.775149
0.014635 0.326913 0.658452
0.022494 0.304275 0.673231
0.008306 0.294407 0.697287
0.000010 0.277686 0.722304
0.005342 0.298022 0.696636
0.014006 0.295807 0.690187
0.052953 0.291665 0.655382
0.039246 0.259739 0.701015
0.019423 0.291178 0.689399
0.053606 0.229148 0.717247
0.062733 0.203579 0.733688
0.030647 0.261538 0.707815
0.047755 0.271975 0.680269
0.020499 0.291982 0.687519
0.025001 0.216110 0.758890
0.018523 0.291181 0.690296
0.000010 0.000010 0.999980
0.005558 0.300063 0.694380
0.012035 0.287196 0.700768
0.000010 0.000010 0.999980
0.000010 0.999980 0.000010
0.002298 0.320963 0.676739
0.000010 0.307217 0.692773
0.000010 0.291447 0.708543
0.008124 0.297696 0.694180
0.009042 0.301496 0.689462
0.013370 0.302579 0.684051
0.000010 0.307544 0.692446
0.012679 0.301229 0.686092
0.000536 0.292708 0.706756
0.013142 0.278967 0.707891
0.000010 0.000010 0.999980
0.001257 0.301648 0.697094
0.010647 0.311985 0.677368
0.010559 0.292910 0.696530
0.010638 0.351999 0.637363
0.000010 0.291767 0.708223
0.000010 0.000010 0.999980
0.011462 0.307781 0.680757
0.012814 0.302827 0.684358
0.005394 0.295137 0.699469
0.000010 0.999980 0.000010
0.000010 0.999980 0.000010
0.005470 0.302914 0.691616
0.006487 0.301736 0.691778
0.019118 0.284924 0.695958
0.010494 0.294097 0.695409
0.014637 0.288781 0.696582
0.009874 0.297381 0.692745
0.007001 0.410078 0.582921
0.007217 0.325468 0.667315
0.000010 0.999980 0.000010
0.007187 0.302674 0.690138
0.007811 0.280651 0.711537
0.014969 0.305086 0.679945
0.008282 0.302391 0.689326
0.000010 0.999980 0.000010
0.018504 0.292141 0.689355
0.014447 0.290277 0.695276
0.006272 0.296641 0.697086
0.000010 0.999980 0.000010
0.001670 0.289360 0.708970
0.000010 0.293339 0.706651
0.013594 0.287185 0.699221
0.017326 0.293087 0.689587
0.000010 0.307746 0.692244
0.005116 0.272514 0.722371
0.003954 0.305053 0.690993
0.002540 0.287653 0.709807
0.014821 0.296045 0.689134
0.008255 0.286525 0.705220
0.008099 0.311522 0.680380
0.000010 0.000010 0.999980
0.000010 0.999980 0.000010
0.014081 0.302311 0.683608
0.000010 0.999980 0.000010
0.000010 0.298313 0.701677
0.007684 0.282594 0.709723
0.999980 0.000010 0.000010
0.009875 0.286456 0.703668
0.007734 0.279014 0.713252
0.024907 0.183487 0.791606
0.015519 0.285001 0.699481
0.011069 0.280235 0.708696
0.012157 0.305046 0.682797
0.073876 0.247494 0.678630
0.045425 0.209366 0.745209
0.034476 0.302636 0.662888
0.063243 0.225958 0.710799
0.056145 0.237583 0.706272
0.278308 0.000010 0.721682
0.025938 0.263474 0.710588
0.078515 0.251127 0.670358
0.068817 0.246548 0.684635
0.171620 0.159048 0.669331
0.057894 0.301953 0.640153
0.999980 0.000010 0.000010
0.999980 0.000010 0.000010
0.133967 0.185628 0.680405
0.020688 0.295524 0.683788
0.056683 0.256864 0.686453
0.063488 0.279084 0.657428
0.090244 0.226270 0.683486
0.097744 0.241636 0.660620
0.999980 0.000010 0.000010
0.213540 0.139078 0.647382
0.999980 0.000010 0.000010
0.177979 0.104443 0.717578
0.112786 0.243914 0.643300
0.999980 0.000010 0.000010
0.009076 0.293970 0.696954
0.999980 0.000010 0.000010
0.016359 0.301698 0.681943
0.013485 0.301678 0.684837
0.008882 0.313268 0.677849
0.007050 0.299781 0.693169
0.000010 0.293092 0.706898
0.005361 0.291819 0.702821
0.008754 0.283696 0.707550
0.005352 0.310255 0.684393
0.017606 0.304190 0.678204
0.014185 0.295210 0.690605
0.010205 0.279863 0.709932
0.016943 0.301551 0.681506
0.009177 0.307752 0.683071
0.005784 0.305823 0.688392
0.014355 0.295167 0.690478
0.007018 0.306170 0.686812
0.006371 0.288839 0.704790
0.999972 0.000018 0.000010
0.015401 0.293602 0.690997
0.014023 0.265222 0.720755
0.016918 0.291685 0.691397
0.004728 0.286780 0.708491
0.000010 0.295645 0.704345
0.007470 0.311756 0.680774
0.007037 0.300732 0.692231
0.014784 0.298853 0.686363
0.000010 0.303133 0.696857
0.011088 0.312246 0.676667
0.007490 0.290313 0.702197
0.009317 0.292853 0.697829
0.004454 0.300516 0.695031
0.006318 0.307341 0.686341
0.008168 0.306405 0.685427
0.018863 0.316899 0.664238
0.012030 0.301000 0.686970
0.000058 0.295802 0.704140
0.000010 0.300453 0.699537
0.018091 0.279533 0.702375
0.014285 0.298747 0.686968
0.003468 0.311011 0.685521
0.005883 0.275589 0.718528
0.000010 0.305454 0.694536
0.019612 0.282764 0.697624
0.005910 0.289047 0.705043
0.014880 0.284964 0.700157
0.012003 0.283425 0.704572
0.008131 0.295133 0.696736
0.007880 0.312851 0.679269
0.002474 0.301147 0.696379
0.009700 0.300483 0.689816
0.003558 0.307417 0.689025
0.011935 0.287360 0.700705
0.016270 0.302969 0.680761
