0.99999999800000005656 0.00000000099999999997 0.00000000099999999997 
0.99999999800000005656 0.00000000099999999998 0.00000000099999999998 
0.09047634116212890931 0.20916402794398852860 0.70035963089388264535 
0.07036229697989482279 0.19827251611908894291 0.73136518690101626206 
0.09788856061678442855 0.17159354565581758090 0.73051789372739794892 
0.09422725462228320747 0.18622196909454125091 0.71955077628317554161 
0.00000000100000000000 0.00000000100000000000 0.99999999799999994554 
0.07387704319390454855 0.19541965719214779429 0.73070329961394764329 
0.09201967369813381092 0.18754718370644174463 0.72043314259542445832 
0.06471395275384897450 0.20331295176770503019 0.73197309547844602307 
0.05816994822706614277 0.19793534083110742028 0.74389471094182646471 
0.44107478967595098451 0.08456059475066669828 0.47436461557338238659 
0.07396515883980599171 0.18817987200749364263 0.73785496915270032403 
0.10014609692558337772 0.17925666825726424558 0.72059723481715243221 
0.11382785647899293369 0.16717248417057994914 0.71899965935042720044 
0.00000000099999999997 0.99999999799999994554 0.00000000099999999997 
0.10139619971696417489 0.18319239503040504746 0.71541140525263080541 
0.99999999800000005656 0.00000000099999999999 0.00000000099999999999 
0.99999999799999994554 0.00000000099999999998 0.00000000099999999998 
0.08511335195678942922 0.15880544732915150008 0.75608120071405915397 
0.12006700889582976044 0.16964343800094802694 0.71028955310322217098 
0.08093998730728972635 0.18891742731375957276 0.73014258537895071477 
0.05987174632477825637 0.18625108964502312681 0.75387716403019855438 
0.09386794857313952856 0.18266877671841241781 0.72346327470844806751 
0.08342544609356018770 0.19035357971020325230 0.72622097419623665715 
0.12380478730144130195 0.13424745467972301616 0.74194775801883561250 
0.10490842633693481245 0.11551313172842676835 0.77957844193463843308 
0.10497673069570288840 0.14868709582874334307 0.74633617347555381016 
0.01245500216255464483 0.09749839592638435970 0.89004660191106099720 
0.09703241244795521303 0.11996083168525593921 0.78300675586678891715 
0.09390075445431429746 0.12278918870919260098 0.78331005683649312932 
0.06170408121887072800 0.14311859983993355239 0.79517731894119580982 
0.07482488721560004441 0.16547251754982614247 0.75970259523457384088 
0.10220852123023432823 0.12113631609683461754 0.77665516267293099872 
0.06394256742899770418 0.20650680356874384636 0.72955062900225842171 
0.00000000099999999994 0.99999999799999994554 0.00000000099999999994 
0.05163816695322323569 0.19898742560221754916 0.74937440744455918740 
0.06019347547626716782 0.22101413148172793788 0.71879239304200492899 
0.00000000099999999995 0.99999999799999994554 0.00000000099999999995 
0.02146186102874648310 0.19937311543470337405 0.77916502353655026081 
0.05133615140737209093 0.20567167914346884405 0.74299216944915913441 
0.07286333461727907690 0.21001452207399728955 0.71712214330872370294 
0.03944094392305369512 0.21170862945301577307 0.74885042662393053181 
0.07161487707618764686 0.21491089689633163795 0.71347422602748067355 
0.04982615419811744356 0.20642427636819341008 0.74374956943368908391 
0.05447146816991696450 0.20064177303834901389 0.74488675879173404937 
0.04487676408739445927 0.20919866932379377333 0.74592456658881178821 
0.05588003597586944232 0.21726786609056825128 0.72685209793356231334 
0.06208611209906724632 0.19973401549046126968 0.73817987241047144931 
0.04019573489988669673 0.20967165804370918591 0.75013260705640416592 
0.00000000099999999996 0.99999999800000005656 0.00000000099999999996 
0.05902978098036377325 0.21321588569058588791 0.72775433332905026251 
0.05429900256140484521 0.21617784175045287598 0.72952315568814229962 
0.05425292735159473884 0.21396390899111206174 0.73178316365729323412 
0.09303694544202077699 0.19973463207462682778 0.70722842248335238136 
0.07670436115006082356 0.19615197148038873709 0.72714366736955049486 
0.99999999800000005656 0.00000000099999999997 0.00000000099999999997 
0.04387614370257343632 0.19700650359703300585 0.75911735270039359946 
0.05615086381597057807 0.22393678440410677566 0.71991235177992263239 
0.05161258000504472671 0.20816407374781720208 0.74022334624713803652 
0.36543040948003269186 0.13004571918488366800 0.50452387133508358463 
0.00027297087464151301 0.18938217902569315365 0.81034485009966539248 
0.04531626349339275966 0.20067654334891749102 0.75400719315768971462 
0.06879680268464327675 0.21828397209860167516 0.71291922521675499258 
0.07652003707341743788 0.20596731132827089672 0.71751265159831167928 
0.05732130234415484110 0.19728084287721500689 0.74539785477863018670 
0.04501601593860037054 0.21375194467374880603 0.74123203938765092058 
0.04971940850570117504 0.21359865683119300117 0.73668193466310594175 
0.06300284106595506473 0.19575297390224977168 0.74124418503179512197 
0.04817011924969015479 0.22790173411905587098 0.72392814663125393260 
0.01997701136768728972 0.18930478223791277759 0.79071820639439993617 
0.05852667885529928837 0.21476641509638999539 0.72670690604831078563 
0.03785472063008379212 0.21317491170906860409 0.74897036766084768011 
0.06998659653486992427 0.21810510682171382890 0.71190829664341626071 
0.06503011285913490314 0.22706369786987118387 0.70790618927099380198 
0.00000000099999999995 0.99999999800000005656 0.00000000099999999995 
0.06618585023984471793 0.21216458010290939473 0.72164956965724591509 
0.05563892142251479489 0.19160832045896813991 0.75275275811851705132 
0.05448765281592921061 0.20764059794537592651 0.73787174923869480736 
0.00790172803458216548 0.19316197108107735492 0.79893630088434042236 
0.04529241143239347983 0.20730881725462155241 0.74739877131298493307 
0.08629540812968056196 0.19833954553596741532 0.71536504633435193945 
0.05873253535287578653 0.19994393820093234182 0.74132352644619192716 
0.07416539229052265814 0.19601917931281084839 0.72981542839666657674 
0.04625325413667339541 0.19957792592833620282 0.75416881993499029768 
0.05930338135446886622 0.19944793498715221447 0.74124868365837881523 
0.05222490988206455326 0.20745381757839090331 0.74032127253954449486 
0.05348949780761894091 0.20465039990582023499 0.74186010228656085186 
0.08575524545652753183 0.19923609544404943805 0.71500865909942312726 
0.05092891374928368992 0.21325252415205062095 0.73581856209866569607 
0.07382206376925354308 0.20108084689940447509 0.72509708933134198183 
0.00000000099999999996 0.99999999800000005656 0.00000000099999999996 
0.00000000100000000000 0.00000000100000000000 0.99999999800000005656 
0.05020902132997349249 0.21236071047111784726 0.73743026819890866719 
0.00000000099999999993 0.99999999800000005656 0.00000000099999999993 
0.04685074362746197846 0.20736998471465911686 0.74577927165787893937 
0.05252024889647262385 0.23000178718374986175 0.71747796391977747277 
0.00000000099999999997 0.00000000099999999997 0.99999999800000005656 
0.05269488781643392322 0.19729951890762839617 0.75000559327593763204 
0.05919150315363978787 0.21563088555713394445 0.72517761128922619829 
0.05511381686916179412 0.18600779284410254300 0.75887839028673576003 
0.06668889325735140317 0.18086929855875755191 0.75244180818389105880 
0.05425322507801575572 0.19770465426314348667 0.74804212065884068128 
0.04311450986515683037 0.21043642491111969051 0.74644906522372345137 
0.07300444359256083593 0.14123342775153902018 0.78576212865590011614 
0.02855980589872077549 0.15429833048020202835 0.81714186362107710249 
0.08632461450587428087 0.15333355191765141168 0.76034183357647433521 
0.08702032658288030853 0.13581884906933547330 0.77716082434778421817 
0.07488889219913034967 0.15581955103318551048 0.76929155676768412597 
0.07107113195473094280 0.00000000401977721720 0.92892886402549179614 
0.06380004827164276193 0.17297010980525928669 0.76322984192309806240 
0.08088622746871253211 0.12336036067880706835 0.79575341185248049669 
0.09647903648551503508 0.15028945186209358154 0.75323151165239132787 
0.10155526511546561497 0.05819040004740131528 0.84025433483713307670 
0.08543211140992480745 0.16552746860079106672 0.74904041998928416746 
0.03501394498087977841 0.00000000100000000000 0.96498605401912029844 
0.00552307269868492368 0.00000000100000000000 0.99447692630131501179 
0.08588794863597087881 0.08697460076766871939 0.82713745059636034629 
0.07990264759180407128 0.17479374013455586945 0.74530361227364005927 
0.03137676550130104325 0.16923533592701336947 0.79938789857168557340 
0.09503901988541824108 0.13660136369304146098 0.76835961642154038120 
0.08798284751725699016 0.10166905042112937829 0.81034810206161367319 
0.06972478080874554285 0.13912382569855544223 0.79115139349269902880 
0.02118286334636072105 0.00000000100000000000 0.97881713565363925866 
0.06518534906559612929 0.09315034285419877824 0.84166430808020509247 
0.03028786616163842843 0.00722931761553940056 0.96248281622282216841 
0.07576571528988204629 0.08320328360527327882 0.84103100110484474428 
0.07265454892990080848 0.14420712966401555422 0.78313832140608363730 
0.00038909514860956422 0.00000000100000000000 0.99961090385139050873 
0.05597410972866296436 0.22878979214716921309 0.71523609812416788500 
0.99999999799999994554 0.00000000099999999988 0.00000000099999999988 
0.04531719893077101879 0.22225875434159558797 0.73242404672763328222 
0.07161017172515954377 0.20741490564551773312 0.72097492262932272311 
0.07114686470153583353 0.22346579998289492486 0.70538733531556918610 
0.05028894586367327335 0.23250614684478951300 0.71720490729153718590 
0.04457099243324640775 0.24003908322762068650 0.71538992433913295432 
0.04750366188961829828 0.22770857967969293512 0.72478775843068865559 
0.04717358727597106144 0.23709254711973234975 0.71573386560429652636 
0.05873414663358646898 0.21852935708405996085 0.72273649628235359099 
0.07024043618220843221 0.20315729164882975755 0.72660227216896178248 
0.05825165463078875450 0.22247470750116554727 0.71927363786804565660 
0.06849620632230533912 0.21388606657345290984 0.71761772710424176491 
0.04128817296281379889 0.22819007651238162881 0.73052175052480461392 
0.03610994903063786954 0.22339987197809146879 0.74049017899127067555 
0.04345282791022985619 0.22499370809131202797 0.73155346399845810890 
0.04945047308090133598 0.21520567133021575867 0.73534385558888282208 
0.05587121536406215727 0.22724790461939228803 0.71688088001654559633 
0.05923113867631476376 0.21866637114827799926 0.72210249017540717453 
0.99999999799999994554 0.00000000099999999988 0.00000000099999999988 
0.08666369780290733571 0.21693652633814405895 0.69639977585894852208 
0.05767995211164653885 0.22284666162099875386 0.71947338626735468647 
0.05778965632071077912 0.22004436386550962901 0.72216597981377961268 
0.04339475296215972860 0.24503860620606301990 0.71156664083177723068 
0.04053906921842571898 0.23869793694805069295 0.72076299383352360195 
0.04990912632956210487 0.21590084291633077074 0.73419003075410704806 
0.03614306059331112014 0.24149741321151674267 0.72235952619517207474 
0.06483043336480613650 0.22201476397192945744 0.71315480266326436443 
0.05674542764243666743 0.21907723416374108583 0.72417733819382235083 
0.07120229372145284175 0.21954227450418256629 0.70925543177436456421 
0.05519075068344161256 0.23504981174559749779 0.70975943757096093822 
0.06964925030490620728 0.22518757648474274635 0.70516317321035104637 
0.04286075507958677505 0.21057994606213628619 0.74655929885827687631 
0.03560092300262161086 0.22838957095574027867 0.73600950604163817292 
0.04691494086475003072 0.22634794280492007146 0.72673711633032977986 
0.05777254947107125782 0.22851540432110059586 0.71371204620782813244 
0.04543324814320430505 0.22733669154309801841 0.72723006031369774593 
0.05390269099273298919 0.23328579266922100377 0.71281151633804606949 
0.04766880943411121174 0.22001282818192796631 0.73231836238396075256 
0.05816959240965095812 0.22054122751866350738 0.72128918007168552062 
0.04750213101726834253 0.23269302166255034781 0.71980484732018135130 
0.08369237033734770737 0.21672055044494079046 0.69958707921771157157 
0.04881327299968346578 0.20676710188545871505 0.74441962511485770815 
0.03759895218230847880 0.22535493889425592395 0.73704610892343569439 
0.06708598755688009729 0.23332308206916993476 0.69959093037395003734 
0.07062501942721803594 0.22626493232569427905 0.70311004824708767114 
0.07827861000619944221 0.21372509098697903274 0.70799629900682159445 
0.05396620688361286611 0.22410869336779304373 0.72192509974859409017 
0.06015538409640170531 0.21895830815388653279 0.72088630774971174109 
0.08433233031878920039 0.21601677178482772690 0.69965089789638312823 
0.06107956011120088680 0.22300545128925020055 0.71591498859954894041 
0.07029337009250502533 0.21070502938595608855 0.71900160052153894163 
0.04125227399762884661 0.22392885442637286419 0.73481887157599834470 
0.07311921381226370309 0.21640798368966895904 0.71047280249806732400 
0.08356338005551929016 0.20668053122639526431 0.70975608871808548717 
