0.00000000099999999995 0.00000000099999999995 0.99999999699999986280 0.00000000099999999995 
0.00704085067110870894 0.95882828192926983224 0.00000000100000000000 0.03413086639962148450 
0.02084074975131134169 0.68355684339107247727 0.24081497202856083639 0.05478743482905532036 
0.02408585394185904296 0.72692588527053503267 0.18989060234679314143 0.05909765844081266151 
0.01936081175052485615 0.71178842104170803040 0.19477114650802446194 0.07407962069974259600 
0.03276572908898132963 0.71909542196875242404 0.18376540304261398950 0.06437344589965220132 
0.00000000099999999991 0.00000000099999999991 0.00000000099999999991 0.99999999700000008485 
0.00533155623236995346 0.71288933109847429925 0.22057161934950519910 0.06120749331965055079 
0.03084224884000823230 0.72085881366843662654 0.20464310214998884807 0.04365583534156632778 
0.00974971738317582590 0.73703034770161313105 0.19365353138964766511 0.05956640352556337448 
0.00494845190459917549 0.72428719195496993333 0.20147628028780656395 0.06928807585262432289 
0.00000000099999999996 0.00000000099999999996 0.99999999699999997382 0.00000000099999999996 
0.00000000100000000000 0.72495891257563982446 0.20848781154358433931 0.06655327488077587839 
0.01437068141254567097 0.73080912231767081177 0.18490049671267014264 0.06991969955711323237 
0.01172377341795344252 0.70435399204134618856 0.19089417459464447235 0.09302805994605577167 
0.00000000099999999992 0.00000000099999999992 0.00000000099999999992 0.99999999700000008485 
0.00963633345188470367 0.72016825241325066465 0.20561571555847121817 0.06457969857639338229 
0.00000000099999999995 0.00000000099999999995 0.99999999699999997382 0.00000000099999999995 
0.00000000100000000000 0.95495238143172722634 0.00000000100000000000 0.04504761656827276084 
0.00070947102211238369 0.73030948820643870611 0.18630431518562901028 0.08267672558581984354 
0.02843129686896907204 0.69860461373459081802 0.17930191276672283185 0.09366217662971718094 
0.00000000100000000000 0.72041937270710421082 0.20354811754869048257 0.07603250874420543204 
0.00000000100000000000 0.73917344223767134093 0.18659163142009113634 0.07423492534223770367 
0.01148563384327592855 0.70771074583834636673 0.20302059104807587686 0.07778302927030197877 
0.00554501696882736365 0.71671141455457376690 0.20276691683842532066 0.07497665163817356093 
0.04522893430407967652 0.69930613734893265487 0.12228013515655093701 0.13318479319043668996 
0.00672497312649637542 0.69223295760503078533 0.14594306035593204718 0.15509900891254072008 
0.01248739856487819135 0.71008265668581305174 0.18038774213547881242 0.09704220261382996704 
0.00000000293745080562 0.77494926635806216098 0.08100932274593500293 0.14404140795855208124 
0.00002083528662293884 0.66183830630803941464 0.14165451558275907185 0.19648634282257873562 
0.01776982779797731463 0.69108415586084059878 0.14613644984362375578 0.14500956649755825101 
0.00000000100000000000 0.70963655712030304645 0.15633441021156585515 0.13402903166813104341 
0.00058505789663912335 0.71341068911569671673 0.16584192784617263206 0.12016232514149155497 
0.00727768841109873409 0.69945123737394321317 0.14346337886377261150 0.14980769535118537705 
0.03136359793355418535 0.72526768113857231768 0.21954414535298341637 0.02382457557488997651 
0.00000000099999999999 0.99999999700000008485 0.00000000099999999999 0.00000000099999999999 
0.04861131691833357749 0.95138867972088692060 0.00000000236077949589 0.00000000100000000000 
0.02662739731779466268 0.73965542353842939072 0.20633817536483953226 0.02737900377893650108 
0.00000000099999999998 0.99999999700000008485 0.00000000099999999998 0.00000000099999999998 
0.00000000099999999997 0.00000000099999999997 0.99999999699999997382 0.00000000099999999997 
0.02370139001191107556 0.73371622986846696257 0.21960479572072569288 0.02297758439889629328 
0.01719770128771015358 0.71040468860981587085 0.22061992479827940983 0.05177768530419463167 
0.00348305595709487870 0.74381706241870049201 0.21880236732580227166 0.03389751429840235503 
0.02946424441351671100 0.73042001284948254725 0.20654634583515932289 0.03356939690184147090 
0.02396135948991950926 0.75491802827601328651 0.20600853269121874312 0.01511207954284848193 
0.01941311100454023650 0.73811177384212656172 0.21067814079230634539 0.03179697436102696395 
0.03003631679098267560 0.96406881538852717828 0.00000007493038722239 0.00589479289010286667 
0.02124997716924859753 0.74875288482970692172 0.19189481259564711291 0.03810232540539742335 
0.01773513605989699218 0.74468485837851128295 0.20583990887306544137 0.03174009668852632166 
0.01731413323631802309 0.74294581196231723741 0.19651573765147387074 0.04322431714989092427 
0.00000000099999999994 0.00000000099999999994 0.99999999699999997382 0.00000000099999999994 
0.01910225988931116975 0.74093271316459752285 0.20625358881300165370 0.03371143813308959819 
0.01957886560056601791 0.72610740398317130673 0.19696128834601597801 0.05735244207024675633 
0.01060438688144405700 0.75541493254565805771 0.19402615370163939224 0.03995452687125857633 
0.02193593202852140572 0.70876958511309029465 0.23206001494511319105 0.03723446791327517102 
0.02793652421547455911 0.74022138323298092288 0.19348653082733005548 0.03835556172421449028 
0.00000000099999999995 0.00000000099999999995 0.99999999699999986280 0.00000000099999999995 
0.01365409503517063874 0.73840081491197029351 0.20466168533702533416 0.04328340471583373011 
0.02006102414270836964 0.74193435651105499318 0.21794301843921273787 0.02006160090702393053 
0.01662273952981610514 0.74117170351709915632 0.21041807559074535150 0.03178748136233938704 
0.00000000099999999996 0.00000000099999999996 0.99999999699999986280 0.00000000099999999996 
0.00011954653382735307 0.84841158698698804219 0.15145437330900501927 0.00001449317017951899 
0.01311470564573826575 0.75754289667248619899 0.19846885472907541126 0.03087354295270018992 
0.03638617175094092937 0.73658066836572699820 0.18786312310449942986 0.03917003677883271889 
0.03902840097629679816 0.72728882690365881381 0.20646285856733886943 0.02721991355270552554 
0.01086816939544017063 0.74194493517385795567 0.21479786403954045926 0.03238903139116146301 
0.01475679526338120710 0.73789327689981110137 0.20460190794985794183 0.04274801988694986593 
0.01816317143625078775 0.73897267805306454669 0.21054834094974231307 0.03231580956094236290 
0.00549089290386939148 0.66699688538753942879 0.30707299219144579272 0.02043922951714540956 
0.02066434958075267364 0.72211396264069926954 0.21850214412888227522 0.03871954364966569834 
0.00000000099999999996 0.00000000099999999996 0.99999999699999997382 0.00000000099999999996 
0.02692021729515945566 0.73296509153585209795 0.18907267043114567295 0.05104202073784284283 
0.00840172415662692254 0.75522783236762314196 0.21060988757608883892 0.02576055589966099249 
0.03263770094519843901 0.72001102782139536629 0.21833764456984386393 0.02901362666356225792 
0.03264202699207344877 0.73397029114851708442 0.19888222484725137651 0.03450545701215802785 
0.00000000099999999986 0.00000000099999999986 0.00000000099999999986 0.99999999700000008485 
0.03242145019896106733 0.73802228492908927837 0.19683225055478817400 0.03272401431716156356 
0.03380284381785399195 0.76488724657517215277 0.19184444675768069777 0.00946546284929317833 
0.01533509926977312358 0.75049280072195945213 0.19967889584761566724 0.03449320416065174838 
0.01671627493766107003 0.84593801487073161383 0.13734570919160724034 0.00000000100000000000 
0.00855341581515690896 0.76371020766450314898 0.20994356631309821215 0.01779281020724174725 
0.04091662112367318999 0.73937987615526001850 0.18401467072873628483 0.03568883199233052056 
0.02017114361946323320 0.75399784941056435805 0.18124069398913397744 0.04459031298083833417 
0.03789914600852530707 0.73194864950598725883 0.20232847454676525234 0.02782372993872222686 
0.00439089103196658483 0.74566245351463344981 0.21420578658963759788 0.03574086886376230676 
0.01282049776026042073 0.75065349540189474364 0.19942650999294128655 0.03709949684490357336 
0.00481420569377641501 0.72540803661674979619 0.23168612374427746681 0.03809163394519638618 
0.01482045609334499067 0.75046641864802121624 0.20642887707670984354 0.02828424818192386628 
0.04854358966154263128 0.72421049312701835099 0.18148763498582337617 0.04575828222561561381 
0.02292230606381212565 0.75475890004893819718 0.17312579182244880460 0.04919300206480090726 
0.04164503738381593323 0.74504258518491239816 0.18233540826017213821 0.03097696917109940898 
0.00000000099999999994 0.00000000099999999994 0.99999999699999997382 0.00000000099999999994 
0.00000000099999999991 0.00000000099999999991 0.00000000099999999991 0.99999999700000008485 
0.02871549342797032403 0.73808399202437990905 0.21408945168150544935 0.01911106286614441471 
0.00000000099999999984 0.00000000099999999984 0.00000000099999999984 0.99999999699999997382 
0.00848665462418916015 0.75902311732025429247 0.19151300898920553539 0.04097721906635103106 
0.01707574402722850798 0.72026259188977892478 0.20753674087888004940 0.05512492320411244151 
0.99999999699999997382 0.00000000099999999972 0.00000000099999999972 0.00000000099999999972 
0.01469305714243334185 0.73631462409904235855 0.20155686629870914195 0.04743545245981511949 
0.01728249184756831813 0.75699236032634087401 0.20114654966535305824 0.02457859816073768716 
0.00874236246312437397 0.79350129283340276043 0.15349977878737594561 0.04425656591609692520 
0.02319361705664587173 0.73553445098796355062 0.18803123696483661775 0.05324069499055393562 
0.00863068460469937349 0.76212383034874153775 0.20236317349615495775 0.02688231155040406856 
0.02934068045738307678 0.75182936717895465506 0.19615645224876204766 0.02267350011490016151 
0.01570393776169606154 0.65021206646184404043 0.17188909868182855600 0.16219489709463130733 
0.00000071068668447891 0.69317508326982935074 0.16914731452562495329 0.13767689151786113855 
0.01679148209898584376 0.68601162829838158164 0.17990413816710615347 0.11729275143552631011 
0.01237499906637859297 0.67307902877553371646 0.16405155765025702941 0.15049441450783065943 
0.02451890880531126457 0.67748825264420520220 0.12820227158747585228 0.16979056696300762197 
0.03742283458384648015 0.63240064282874663970 0.01415507978498928635 0.31602144280241761809 
0.00000193106518700405 0.68747122138536187475 0.20652793401607716373 0.10599891353337390076 
0.02753019431150758103 0.67703339297295994648 0.14361508946199552650 0.15182132325353703273 
0.01475450582450076910 0.68007374531535047524 0.17671026039847029243 0.12846148846167845803 
0.05500759828041552196 0.59349868549776574334 0.11457543163915623330 0.23691828458266250834 
0.02135923322686074377 0.67243673592467034794 0.17637996607994066434 0.12982406476852820232 
0.06163712686339689606 0.61219430507138972164 0.00723429818390188516 0.31893426988131157174 
0.09850394399428448466 0.54494122410765299946 0.00576229497321076485 0.35079253692485173888 
0.03615361684612872217 0.66839393111851819196 0.13362275757451927416 0.16182969446083383946 
0.02476145065996142314 0.68562640707534716622 0.18380224822661031525 0.10580989403808115090 
0.02061005414658293594 0.68247309825060953337 0.16279190108784477586 0.13412494651496287279 
0.05551831881464455720 0.63172768134343160185 0.15565318333439859266 0.15710081650752524829 
0.05756157617656394027 0.66677583607239254704 0.12229154101999628601 0.15337104673104728914 
0.04784202250891811392 0.65569223277962762619 0.15126738260860711494 0.14519836210284717271 
0.06290883291137251698 0.63435300338506306339 0.00243257163987600430 0.30030559206368850900 
0.05847327272805311060 0.66515211843217381116 0.08940939845762592431 0.18696521038214719557 
0.06916461526786160663 0.63955769008452290070 0.03875211602262716021 0.25252557862498836716 
0.06750491405282893487 0.61274674913652571462 0.11412343930527447944 0.20562489750537088495 
0.04190164601423693874 0.62680227494051343751 0.18418433496252362147 0.14711174408272600922 
0.06579937610435908357 0.64029869052129362306 0.00776138280675544873 0.28614055056759191142 
0.01821085238708992568 0.71960993279268603562 0.23194419042387975916 0.03023502439634426914 
0.99999999700000008485 0.00000000099999999975 0.00000000099999999975 0.00000000099999999975 
0.01428095544350921342 0.72647914523288115163 0.21616927639852556720 0.04307062292508397755 
0.01449404005840643044 0.71274763354932602066 0.22710090245934030917 0.04565742393292716167 
0.02259409573367550036 0.71282209649794048278 0.22393403194845581949 0.04064977581992815919 
0.01544077671058440362 0.73265711033665814611 0.19978871259099920121 0.05211340036175825252 
0.00546237416026206565 0.72439707250504159486 0.23187911134834934823 0.03826144198634697652 
0.01348708758524918248 0.72605645267068030790 0.22206794713435740185 0.03838851260971295337 
0.01083557089273717682 0.72375076566445406545 0.22743413542442622588 0.03797952801838255787 
0.01748812892623960447 0.69972438954310589576 0.23734904149692956365 0.04543844003372474183 
0.01750262243289351510 0.71372696334766549953 0.23569408466044641792 0.03307632955899456745 
0.00769671029303129178 0.71130003687303766657 0.24384657331493847510 0.03715667951899266630 
0.02000825241711519376 0.72637029877171654935 0.20333358467479015208 0.05028786413637811870 
0.01184249850022823548 0.74343383652802619288 0.20423260259927009108 0.04049106237247551004 
0.00526765237032547368 0.71786307707453367311 0.22731650674901132669 0.04955276380612951698 
0.00300510465638643108 0.72680424385173891810 0.24449296467259856724 0.02569768681927612000 
0.00853262982635931075 0.70439476298347414307 0.23009331733162083355 0.05697928985854586875 
0.00841176254693449393 0.69561909037009983514 0.24242591688069722866 0.05354323020226848390 
0.01892851823957436216 0.71938725933370084586 0.20893908132713298609 0.05274514109959178854 
0.99999999699999997382 0.00000000099999999975 0.00000000099999999975 0.00000000099999999975 
0.02123679045733678494 0.69708014408628748981 0.23047805655178205120 0.05120500890459377119 
0.02018236752141632992 0.72123330672376817496 0.22007774570710786355 0.03850658004770764892 
0.01421359312266564333 0.73475920648827175441 0.21760947196180932539 0.03341772842725324044 
0.00468390361732616643 0.70886269652310351930 0.25152945675060806030 0.03492394310896235199 
0.00879497593959015743 0.71765982459459298770 0.23879941295560822012 0.03474578651020851505 
0.02082315468049230830 0.73368276201164162043 0.20112281873530490905 0.04437126457256111017 
0.00257055203278129269 0.72343951214785962023 0.22980065446516539929 0.04418928135419371989 
0.02539035931241517829 0.71270900174044815589 0.21491197129244493658 0.04698866765469164597 
0.00803558485198418299 0.70805173088368189571 0.22722601816965376509 0.05668666609468018397 
0.01478325634097099606 0.71983554337997868178 0.21325656236317824810 0.05212463791587212958 
0.01881941598662957918 0.71492177269584722410 0.21715100868564848891 0.04910780263187477374 
0.01923764564347869507 0.71540456203392133183 0.21084188759124583568 0.05451590473135407150 
0.01476654412572996761 0.70319641252242948148 0.23867404535344746708 0.04336299799839306995 
0.00912453945795620343 0.73596832926059674307 0.23383704971673349715 0.02107008156471355115 
0.00207796506079233013 0.71177438749301324972 0.24926820451231038178 0.03687944293388406569 
0.01846159030409543281 0.71038084844062066026 0.21843122702494346954 0.05272633423034039230 
0.01882510177679717206 0.72195553481753971248 0.21632725994220075583 0.04289210346346238739 
0.01316018385122179508 0.71464312829705400887 0.22545964981722962928 0.04673703803449448524 
0.00667325425839640062 0.71852699659158214551 0.23867237655312831257 0.03612737259689313696 
0.01004640413508633458 0.71025358766373170027 0.22515666969243064433 0.05454333850875141276 
0.02214291749816516344 0.70907986554198088047 0.22268274870472240523 0.04609446825513151269 
0.03399471416869243034 0.71694542776023040265 0.18704357483744080137 0.06201628323363649054 
0.01035568162238473776 0.71924677683018656271 0.22221098196709263006 0.04818655958033607467 
0.00502492517400635746 0.73281497502602288563 0.20860085039337097901 0.05355924940659968769 
0.01976158235569028601 0.71718239018209117841 0.21403657686398147586 0.04901945059823707707 
0.02587348431336276150 0.70191965184461946325 0.21718488966694049491 0.05502197417507734972 
0.02925086863594492798 0.72229175413521395921 0.19503848868694403929 0.05341888854189700414 
0.02255255205365146523 0.71886355004986424166 0.21455858349960413300 0.04402531439688020520 
0.00889754915413635585 0.69752288484622915199 0.25120442736314585463 0.04237513863648852824 
0.02553264483888412553 0.70515037612090192276 0.21284998637075033812 0.05646699266946361706 
0.02210238365839195876 0.69349433020758410873 0.22893816024470498016 0.05546512588931885868 
0.02824903462590206207 0.70262158795500861963 0.21668714851522719034 0.05244222890386203428 
0.00667333019266336605 0.72612973810000269737 0.21757745564738828481 0.04961947605994558586 
0.02768476566709768966 0.72672634023449045326 0.20298681090103562474 0.04260208319737630173 
0.02980524298735523839 0.72213896443544578485 0.19866868137567697539 0.04938711120152199097 
