0.00000000100000000000 0.00318025433456060750 0.00000000100000000000 0.99681974366543935062 
0.11920047966505242787 0.01846967380233504111 0.08935498971816814573 0.77297485681444444428 
0.16218859763352508341 0.02211119283955111439 0.12850650616377581881 0.68719370336314800074 
0.15498910100047527671 0.02091161633833758110 0.11607415930595374465 0.70802512335523348774 
0.15507153895283992684 0.01993893147970150423 0.09727430366082816249 0.72771522590663040297 
0.15857319206201436756 0.03370681175802228702 0.09710392287496640018 0.71061607330499687585 
0.99999999700000008485 0.00000000099999999994 0.00000000099999999994 0.00000000099999999994 
0.17459805912844472697 0.00770782747636905487 0.09884918692124697315 0.71884492647393927189 
0.14605855031634329411 0.03007680818859290867 0.10828816412734143526 0.71557647736772234115 
0.16376763019177326131 0.01138298406592058373 0.11163270784326763396 0.71321667789903853141 
0.17107085674566721578 0.00838110876445244748 0.10338763558309085888 0.71716039890678939805 
0.00000000099999999992 0.00000000099999999992 0.99999999699999986280 0.00000000099999999992 
0.15743389606095739564 0.00568331286650992831 0.11505787834537284375 0.72182491272715987307 
0.14790503081926467677 0.02010935325255650344 0.11154742967591368963 0.72043818625226518915 
0.15068002666849078519 0.01860242698570432548 0.09462165040839927432 0.73609589593740554214 
0.99999999700000008485 0.00000000099999999994 0.00000000099999999994 0.00000000099999999994 
0.14443440131277557326 0.01244754196409771779 0.11099602445582024135 0.73212203226730643291 
0.00000000099999999992 0.00000000099999999992 0.99999999699999986280 0.00000000099999999992 
0.13042759921055785410 0.00058100719492801365 0.08498879629373262690 0.78400259730078147857 
0.14823665757999060499 0.00266784612762229313 0.10466710205989269988 0.74442839423249440589 
0.14434538074979250122 0.02756500741896210360 0.10562332973470756059 0.72246628209653784847 
0.16108026744773723538 0.00608501803990572129 0.11609228147865469083 0.71674243303370233082 
0.15832656114538215530 0.00000000100000000000 0.11998300013103785355 0.72169043772357988065 
0.14855446056153506773 0.01399692774276111058 0.12002531558994157523 0.71742329610576227594 
0.15365782413564896269 0.00588968470810137795 0.11577550895372314133 0.72467698220252652064 
0.10832996040405695748 0.03488507735676071864 0.11600075968827865125 0.74078420255090371427 
0.09891877883922917114 0.00022319139809631738 0.10844055044659767217 0.79241747931607686706 
0.13474213772465987171 0.01247772429610662440 0.10306692981246028118 0.74971320816677311516 
0.06603818444932609000 0.00000000100000000000 0.09040630754395616309 0.84355550700671777520 
0.11494370002088889759 0.00000000481843523237 0.11511890204269456528 0.76993739311798126135 
0.10134203015668505343 0.00258557104017057915 0.10762537600570731833 0.78844702279743705819 
0.13113091164371371011 0.00000000100000000000 0.11115344685725792040 0.75771564049902839777 
0.12939917215412602425 0.00000000748558683881 0.12679237693737210879 0.74380844342291496663 
0.11992016933977830973 0.00608693550374669184 0.08388617093775453670 0.79010672421872052418 
0.14450025293022369932 0.03261457058517188562 0.11124823025925373310 0.71163694622535067502 
0.00000000099999999983 0.00000000099999999983 0.99999999699999986280 0.00000000099999999983 
0.12014327220963848253 0.04902131520003661508 0.10590286234934054299 0.72493255024098424144 
0.14148092361205802381 0.03156969023552994025 0.12439614643099261571 0.70255323972141947575 
0.00000000099999999987 0.00000000099999999987 0.99999999699999986280 0.00000000099999999987 
0.11503129343605127122 0.02985593410625291683 0.11681350789714382843 0.73829926456055194883 
0.14653254131687409867 0.02213395536959122598 0.10392454622627739225 0.72740895708725727964 
0.17136042182355137875 0.02013667729402848078 0.09453225229191725143 0.71397064859050285435 
0.15963468470636896224 0.01122383712534524673 0.11115817259655712268 0.71798330557172862498 
0.14738685272672005788 0.03184883705432944856 0.11895328632032647898 0.70181102389862404234 
0.13964453469243648387 0.02497131794589175710 0.11701991461451419219 0.71836423274715754950 
0.14625457521148829687 0.01761588425626306811 0.11570239090393635850 0.72042714962831222447 
0.14298748053647511447 0.03203145083711638613 0.10505180971572800064 0.71992925891068060285 
0.16126884852807424342 0.02721335107739584688 0.11198464629043523855 0.69953315410409466768 
0.15447614912869181425 0.01924439282727560471 0.09858139098351986762 0.72769806706051265444 
0.15749320979805084275 0.01844835838236098813 0.11051114901713454675 0.71354728280245360850 
0.99999999699999997382 0.00000000099999999993 0.00000000099999999993 0.00000000099999999993 
0.16241488671708279035 0.02320100491897700290 0.11116146187569392323 0.70322264648824628352 
0.16964351903506083574 0.02299951968401360916 0.10244332812075267192 0.70491363316017296992 
0.15501348890786273427 0.01435886866872166864 0.10778178183325295980 0.72284586059016264770 
0.14362073952314127756 0.02702205200541066277 0.13773767315428700475 0.69161953531716102717 
0.15077044941089368102 0.02989506644716490372 0.09770655569542420482 0.72162792844651724167 
0.00000000100000000000 0.00055584332527457039 0.00000000100000000000 0.99944415467472536019 
0.15225969342496140091 0.01546499896203902547 0.10967563142555379618 0.72259967618744580520 
0.14411937626584075955 0.02395287471474242397 0.12411905639752758568 0.70780869262188927937 
0.15689089942284786816 0.01798734190707960631 0.09513131836019350640 0.72999044030987891851 
0.00000000099999999990 0.00000000099999999990 0.99999999699999997382 0.00000000099999999990 
0.12714448102463626888 0.00000000111671807205 0.08593818047228710122 0.78691733738635860629 
0.15033721031125130141 0.01449925575708981007 0.10405303399968779399 0.73111049993197108066 
0.15551281692019464087 0.03766054936527529762 0.10451323788416988503 0.70231339583036023200 
0.14376603533069304275 0.04121004866974577879 0.11032127128067518995 0.70470264471888599545 
0.15230024660297031280 0.01047221580462204607 0.09293415762431019023 0.74429337996809741274 
0.15925476191801998804 0.01521484930955679937 0.11820003120389747930 0.70733035756852569165 
0.15425192427318074051 0.01833629099303232812 0.11718687731853666412 0.71022490741525023950 
0.12778555635448635153 0.00640150616303192949 0.20577054258824606370 0.66004239489423566223 
0.17089616609348240450 0.01848445326335957858 0.10678211104713865309 0.70383726959601944362 
0.11203028469670502087 0.02975929810985320639 0.10934495071931990551 0.74886546647412177702 
0.16313899932157455153 0.03107455807879356061 0.09796313915824718388 0.70782330344138466582 
0.14998019815720600723 0.00744311338835738304 0.11359922305858291547 0.72897746539585361880 
0.14967756902788889595 0.03419383573216436267 0.11567735941048698511 0.70045123582945978402 
0.15437256121463877045 0.03435102929834652624 0.11659845183559230941 0.69467795765142237308 
0.99999999699999997382 0.00000000099999999991 0.00000000099999999991 0.00000000099999999991 
0.14726127932202345838 0.03354992251778917550 0.12234938068843480286 0.69683941747175259795 
0.12257614030229482815 0.03651495809134972653 0.10363948366527536704 0.73726941794108002970 
0.14981932892835778115 0.01801899718207275458 0.10969924696971526668 0.72246242691985418372 
0.12619932604462558157 0.00722910520519622676 0.08569975004818330966 0.78087181870199484646 
0.14388732130945114385 0.01225459071155204915 0.11845359080706537036 0.72540449717193145052 
0.14295857507116571661 0.04288366677442236041 0.10690019743038328692 0.70725756072402867769 
0.14496267728374481742 0.02023059027373068711 0.10647700120201840368 0.72832973124050615077 
0.13084563936749318835 0.03917610339812070686 0.11417850349117292241 0.71579975374321314074 
0.15229244041625297768 0.00941107030236359131 0.09800733856972237978 0.74028915071166112583 
0.14828806233288283067 0.01786177918213263313 0.09700596145611470322 0.73684419702886982950 
0.15857396037515650300 0.00901647623508237267 0.11745267971087823555 0.71495688367888288184 
0.15873842499345838797 0.01719639128121503921 0.09564034945945310007 0.72842483426587356643 
0.13852401484903903439 0.05040272243042603906 0.09357984573443139942 0.71749341698610358264 
0.16530662257286871109 0.02384051326743763521 0.09690097504492983793 0.71395188911476381577 
0.14345430066627115617 0.04456736843807853482 0.11004289459877319990 0.70193543629687715768 
0.99999999699999997382 0.00000000099999999993 0.00000000099999999993 0.00000000099999999993 
0.99999999699999997382 0.00000000099999999994 0.00000000099999999994 0.00000000099999999994 
0.14917119741369297414 0.03162170571465273278 0.10725932559337066075 0.71194777127828356988 
0.99999999699999997382 0.00000000099999999988 0.00000000099999999988 0.00000000099999999988 
0.15791507725934053608 0.01302863104543685278 0.09211528093731828626 0.73694101075790430233 
0.17804804902100815345 0.02094619337669791082 0.10468179753298444135 0.69632396006930952215 
0.00000000099999999996 0.00000000099999999996 0.00000000099999999996 0.99999999699999997382 
0.16526555986197902226 0.01438240670526069916 0.09864877151487418117 0.72170326191788602976 
0.14860255485036991119 0.01578817141862250487 0.10969685738361703575 0.72591241634739056554 
0.13819537785618746240 0.01828144214965754868 0.08342618946397389879 0.76009699053018109360 
0.15827018923014404828 0.02418966628654790549 0.09206066870985198103 0.72547947577345606174 
0.14119070182274684466 0.01432072938712755476 0.10371747873026800069 0.74077109005985763979 
0.13212698801218217270 0.03073352525618330833 0.12643406423493272484 0.71070542249670187740 
0.10716965325712748958 0.00000000100000000000 0.12236673309946474730 0.77046361264340779140 
0.13103527084544500103 0.00000000100000000000 0.12414537074107112602 0.74481935741348381796 
0.14362471832110379477 0.00002635281446345586 0.11700709685772002489 0.73934183200671266256 
0.12744711090208668547 0.00000000100000000000 0.11851377710775939933 0.75403911099015397124 
0.14093681417696479752 0.00000000100000000000 0.11282071326725535976 0.74624247155577982937 
0.01632446309670643886 0.00000000199076306168 0.05173317219077291917 0.93194236272175756675 
0.13121185818709099613 0.00000000100000000000 0.13244056556131281188 0.73634757525159622027 
0.11641340646846999596 0.00000000100000000000 0.09362400430954581632 0.78996258822198406335 
0.13572375480523263258 0.00000000100000000000 0.11563489338563692765 0.74864135080913052356 
0.08388933180214139251 0.00001000698449149851 0.08489667054696055370 0.83120399066640660024 
0.16172893806810972883 0.00034921468973142869 0.11386554452301943241 0.72405630271913945517 
0.02132397596084671665 0.00000000100000000000 0.00821364502581883871 0.97046237801333434803 
0.00220247489353274503 0.00000000100000000000 0.03012265013787161425 0.96767487396859563908 
0.08496677130271095002 0.00000000100000000000 0.09968556570825448659 0.81534766198903463330 
0.14174153513624590528 0.00486428942463086340 0.10997969969592562289 0.74341447574319752256 
0.13412614523570243197 0.00000000100000000000 0.12094618046390662180 0.74492767330039111329 
0.12760175221353273201 0.02172716259398249639 0.08333144432529404622 0.76733964086719064213 
0.11010166390400345782 0.00499112421414479260 0.08434838254323180629 0.80055882933861988171 
0.13443408252718849760 0.00502934067673792718 0.10292800889293803046 0.75760856790313546583 
0.01079197388890843282 0.00000000100000000000 0.02074761576904549445 0.96846040934204613571 
0.09966031044338112543 0.00000002018268963073 0.07874824078304516750 0.82159142859088407640 
0.03229623294956970175 0.00000000802721920934 0.05045152122418879170 0.91725223779902220755 
0.11528504451461113467 0.00000002317775591821 0.05751537315955720236 0.82719955914807574704 
0.13303471784372078446 0.00000000595029367367 0.11253068419702789982 0.75443459200895757188 
0.00948795799259563762 0.00000000100000000000 0.01777822512333295663 0.97273381588407126230 
0.15926604513939079943 0.01239589100131180920 0.10725567514399896030 0.72108238871529839464 
0.00000000099999999959 0.99999999700000008485 0.00000000099999999959 0.00000000099999999959 
0.15746900962558577075 0.01481223064568551635 0.12780259711077407436 0.69991616261795464027 
0.16117895738306428632 0.01585820655025744000 0.11899595446445239422 0.70396688160222586905 
0.16208680853163859314 0.02102487121532981007 0.12044526183553597165 0.69644305841749554187 
0.16941736559936401707 0.01450320849602469535 0.12006421549869573939 0.69601521040591562972 
0.17155584565943771125 0.00163419199020147280 0.12834644228325484128 0.69846352006710588078 
0.16463092520433736388 0.01302064428262563953 0.11485393516235702094 0.70749449535067998607 
0.16803750127702210548 0.00947411914197327128 0.12604794502081045904 0.69644043456019411042 
0.16381696465888082037 0.01637135104972196539 0.12124508039901690792 0.69856660389238034448 
0.14907145780768368826 0.01430660769368674243 0.11649314671977561986 0.72012878777885402926 
0.17755633095914852282 0.01122725487856523346 0.10221676799452285300 0.70899964616776345316 
0.15849605983757114602 0.01955996208168822928 0.11141489072315548248 0.71052908735758524283 
0.15888534460002376458 0.01103069233037503975 0.11814400454986506706 0.71193995851973612687 
0.17827971122502950241 0.00239178183799463760 0.11666932924140474559 0.70265917769557106887 
0.15638994576091333477 0.00053505255355354919 0.13097766660072168721 0.71209733508481154463 
0.17761955652816105444 0.00701308532342541802 0.12161704634145359405 0.69375031180696000721 
0.18084541485762437030 0.00670885063642287071 0.12421171429222306604 0.68823402021372970250 
0.17237919706013907217 0.01847027496405415428 0.10882913736704590002 0.70032139060876086312 
0.00000000099999999959 0.99999999700000008485 0.00000000099999999959 0.00000000099999999959 
0.16907925859709499461 0.02194683105387233366 0.11479569249834141453 0.69417821785069122598 
0.16622642844601148715 0.01793981930322880586 0.11053619542200436576 0.70529755682875527878 
0.15632085706227072386 0.01429169530414556993 0.11547477147680566822 0.71391267615677800329 
0.18089277970477429802 0.00384644448376643801 0.12853120376791560275 0.68672957204354367899 
0.17399461746846753285 0.01062322587807821433 0.12132058233723627683 0.69406157431621806619 
0.16643690880450379144 0.01875225171187706874 0.10469746140654181965 0.71011337807707730629 
0.17559843744352443551 0.00000006953086991800 0.12270623936926806918 0.70169525365633755865 
0.16059494760161988069 0.02413145301933368111 0.12639155118591285931 0.68888204819313358929 
0.17804379822615878926 0.00910149701286952842 0.12198698137834430855 0.69086772338262736337 
0.16305764699006852769 0.01483110285733178074 0.12358457524439182829 0.69852667490820785634 
0.16805678304706436754 0.01444515368746731275 0.11896142264108464093 0.69853664062438369786 
0.16629087137126508100 0.02164611980262520080 0.11455836341848317506 0.69750464540762646681 
0.16622150618152470303 0.00918649388940404911 0.11940352092752257174 0.70518847900154857378 
0.15684916993723016509 0.00218672236684228647 0.12474002060626497579 0.71622408708966267543 
0.16330217581505671043 0.00000000100000000000 0.13475792901007124791 0.70193989417487212545 
0.17521537900338382543 0.01789921601371206178 0.12052708712693865900 0.68635831785596534971 
0.17005135474360877357 0.01491064981046734753 0.11270529279867558259 0.70233270264724834142 
0.17786441493464777430 0.01217588781022349922 0.11202588054780698856 0.69793381670732179689 
0.16738936317973035495 0.00423656964180555134 0.11809938049951144989 0.71027468667895266030 
0.17685463670683040927 0.00994079582730193756 0.11022739166523755350 0.70297717580063012743 
0.16631226538148291549 0.01895406836184966928 0.12965816023898346643 0.68507550601768396614 
0.17084964267477842359 0.03488578556156556043 0.10787965602189696079 0.68638491574175908294 
0.16501411035038218711 0.00996659466719269048 0.10777030049613879614 0.71724899448628631760 
0.17002187838348220561 0.00823398057668116301 0.12284340281572758702 0.69890073822410891946 
0.16997169570424844331 0.01576229792524842452 0.12165832346057474378 0.69260768290992835716 
0.17263540583950470753 0.02334418904673916245 0.10029974717432452169 0.70372065793943161527 
0.15825711266686895429 0.02636242251576911833 0.10568019407995243863 0.70970027073740948875 
0.16759965080992650366 0.02098885197686023094 0.10982708614767423827 0.70158441106553903754 
0.16094915488574587648 0.00829053612883289166 0.13202881358962245684 0.69873149539579881839 
0.16491651794983247514 0.02530941329313385335 0.11320581734489475190 0.69656825141213885022 
0.16991901542946308279 0.02024713616915152156 0.11822152375268342450 0.69161232464870192604 
0.16271177740574571668 0.02458837409897962969 0.11676348294177910092 0.69593636555349558392 
0.17776397837301893823 0.00584297960063426096 0.12224526268733294787 0.69414777933901394835 
0.15742547617713698038 0.02479303228724941827 0.11270762310973936327 0.70507386842587427278 
0.15202256988455284392 0.02796109263355982602 0.11219124188783625995 0.70782509559405104582 
