0.85410011761624571314 0.04772763470520414997 0.09817224767855019241 
0.86691860307348600490 0.04838142013394561292 0.08469997679256846546 
0.80998362289628855759 0.07060366809905627150 0.11941270900465511540 
0.82205878021491285423 0.05955548429960431239 0.11838573548548279868 
0.84092284827409258252 0.05161964189958209714 0.10745750982632518156 
0.81586534270616783981 0.07079806245435280032 0.11333659483947941538 
0.91016722140828276721 0.00854504117833541910 0.08128773741338171654 
0.84206440007421423655 0.05599188334924230098 0.10194371657654351104 
0.81924147539609581958 0.07292760301610258511 0.10783092158780174796 
0.82755104926531375398 0.05746123848515907739 0.11498771224952704373 
0.83732268689922872973 0.04643372435586607533 0.11624358874490506310 
0.96838042299959548043 0.00000004174485680822 0.03161953525554763583 
0.84627952907554460094 0.04809121136031960231 0.10562925956413564410 
0.83397075779373630589 0.05590921408320989605 0.11012002812305388133 
0.84672917013051240964 0.04298976450224301082 0.11028106536724463504 
0.00000000099999999995 0.00000000099999999995 0.99999999799999994554 
0.84060036608196264662 0.04990169598476457830 0.10949793793327264324 
0.99999999799999994554 0.00000000100000000000 0.00000000100000000000 
0.87655166353476809959 0.03245163489217072622 0.09099670157306112561 
0.86887546423577743937 0.03335190355533408646 0.09777263220888854356 
0.83688494602695839841 0.04951675636013204429 0.11359829761290954342 
0.84168924250785281949 0.04656286048610681905 0.11174789700604026432 
0.86176927636126887666 0.02776443016658522792 0.11046629347214580175 
0.83436568954370049500 0.05017052722642891677 0.11546378322987060905 
0.83523171987303357344 0.05684764595041594953 0.10792063417655041457 
0.85035762137796044868 0.03725456230995370654 0.11238781631208574763 
0.90097610754193624416 0.02128054247229407489 0.07774334998576958033 
0.86566997245677745898 0.04189336737965127649 0.09243666016357125759 
0.94072066288241507070 0.00081084340921788365 0.05846849370836700033 
0.91025753817832832926 0.00582009808140990757 0.08392236374026172674 
0.89318929295831528403 0.01983597357512873263 0.08697473346655597293 
0.89969766293844866123 0.01115025241998690922 0.08915208464156426649 
0.86655979560812601559 0.02589370459923795442 0.10754649979263608550 
0.89219383604663726750 0.03093538210083760301 0.07687078185252517459 
0.81078464855842136139 0.07735150265961433791 0.11186384878196435622 
0.00000000099999999991 0.00000000099999999991 0.99999999799999994554 
0.80899203243555284359 0.07473156648293924342 0.11627640108150788523 
0.79839941171559181132 0.07217046110524384661 0.12943012717916424492 
0.00000000099999999993 0.00000000099999999993 0.99999999799999994554 
0.82407051996037283814 0.07287313587237539969 0.10305634416725172053 
0.81862113392888657959 0.07135388995623144492 0.11002497611488201712 
0.81633435130783260636 0.07337180706557544507 0.11029384162659179591 
0.82562551750684076701 0.06231505915845909210 0.11205942333470006456 
0.79894833689492494866 0.07463725745791073563 0.12641440564716430184 
0.81916835243760643959 0.07027774757336037459 0.11055389998903311644 
0.82703352304779775839 0.05925638921494189720 0.11371008773726040686 
0.80912308600272242476 0.07168701130840481051 0.11918990268887279249 
0.80459821900291295105 0.07569191193599505985 0.11970986906109205850 
0.82515518366534090777 0.06948721380780051304 0.10535760252685849592 
0.81986687224422427622 0.05966435526130663136 0.12046877249446921732 
0.00000000099999999995 0.99999999800000005656 0.00000000099999999995 
0.81002262470391050986 0.07213525864038933255 0.11784211665570015759 
0.81026085184592822053 0.06394658820552039102 0.12579255994855140233 
0.81857842504877298406 0.05867944084995896370 0.12274213410126810775 
0.81670775291486163994 0.06434780189021882535 0.11894444519491949308 
0.81564324825940526242 0.07498846093442512739 0.10936829080616966570 
0.84534906574931700796 0.04530832650698544961 0.10934260774369758407 
0.83263665339359949069 0.05129631148049093592 0.11606703512590954563 
0.80200026605005214630 0.06984356276833904309 0.12815617118160887999 
0.82184484012133629527 0.06844718347911665779 0.10970797639954713021 
0.90821734478250903955 0.02504120716579717049 0.06674144805169365813 
0.85461006468888922605 0.04544030259135369704 0.09994963271975706998 
0.83166232790274785547 0.05403234857141863551 0.11430532352583336331 
0.79195134744295425655 0.07987562812884624330 0.12817302442819952790 
0.80017462422703988789 0.08343166871593170331 0.11639370705702828390 
0.83787401865187804972 0.06255466059961795056 0.09957132074850393033 
0.81651008389142765154 0.06122527002240409078 0.12226464608616821605 
0.81716592337682369962 0.06531371703314603483 0.11752035959003022392 
0.84997811030708092517 0.04173304365538622190 0.10828884603753298477 
0.80526511707047554456 0.07747994265476537690 0.11725494027475921732 
0.82945781950866492860 0.07520250704013979604 0.09533967345119516434 
0.80272727378202857196 0.06670709394060757302 0.13056563227736386890 
0.82727230689830433263 0.05985622140364306454 0.11287147169805257507 
0.79959324102918538646 0.07768184357141748320 0.12272491539939701932 
0.78880224613653882049 0.07974070212581935158 0.13145705173764191120 
0.00000000099999999992 0.00000000099999999992 0.99999999799999994554 
0.80066715839806601451 0.07445465551462430998 0.12487818608730978653 
0.82108527448896784229 0.06922446904753012942 0.10969025646350193115 
0.82150875098499820393 0.06314285319376088113 0.11534839582124090107 
0.84114331456175583934 0.05039192498645984203 0.10846476045178433945 
0.82617252114801664753 0.06002692341845927704 0.11380055543352410319 
0.80331424238721182984 0.07758413058385735250 0.11910162702893098419 
0.82388024393471626095 0.05682505111579309875 0.11929470494949069581 
0.81314117913994055087 0.06879338084502339967 0.11806544001503588293 
0.83942442182512055915 0.05486513595034232110 0.10571044222453712669 
0.83072716342341634821 0.05817419646289030688 0.11109864011369341430 
0.83087855264932675148 0.05853431670933324088 0.11058713064133997295 
0.82646107759274578530 0.07087343331444667660 0.10266548909280746871 
0.79757854229344193886 0.07334361301141971434 0.12907784469513838843 
0.80880080872175830198 0.06678354649840824442 0.12441564477983342585 
0.80233715925612869579 0.07980147180271814078 0.11786136894115312179 
0.00000000099999999995 0.99999999799999994554 0.00000000099999999995 
0.90634505881453586440 0.00778567760159034131 0.08586926358387367286 
0.81119105023471027582 0.08123675342499374341 0.10757219634029602240 
0.00000000099999999990 0.00000000099999999990 0.99999999800000005656 
0.83068114628345868233 0.06619478454401393763 0.10312406917252744942 
0.79854086031878990237 0.07097114210914012844 0.13048799757206991368 
0.99999999800000005656 0.00000000099999999999 0.00000000099999999999 
0.83046332846613202250 0.06188080636090294989 0.10765586517296504843 
0.81686816312974797061 0.06653025629681071085 0.11660158057344126303 
0.83976849785184093378 0.06434542581716766463 0.09588607633099152650 
0.83437881787920731291 0.06018847697385517476 0.10543270514693742212 
0.83312542495627817107 0.05839628852175533097 0.10847828652196646326 
0.81086800183457075075 0.06645625160562763922 0.12267574655980151288 
0.89133667592862686480 0.02334124406339714575 0.08532208000797600334 
0.90255009724475954158 0.00145809359472495303 0.09599180916051544554 
0.87335215821341805054 0.02404382742636940185 0.10260401436021249211 
0.89480360954762283576 0.01319661538912468915 0.09199977506325249244 
0.87741581005506652513 0.02024053971722163808 0.10234365022771195475 
0.99997234863358364088 0.00000000100000000000 0.00002765036641634351 
0.88055308805980692100 0.00930256275861518316 0.11014434918157783860 
0.90034255978015342858 0.01697852740513468989 0.08267891281471180520 
0.88535346113453461392 0.01814859633972852604 0.09649794252573694331 
0.93809642490623923461 0.01345727409359130135 0.04844630100016936863 
0.85985285759178986531 0.03315733821019931082 0.10698980419801086550 
0.99990606589196251441 0.00000000100000000000 0.00009393310803753927 
0.99999999800000005656 0.00000000100000000000 0.00000000100000000000 
0.93916800629059160599 0.00169460670186571808 0.05913738700754276462 
0.85528968059705023919 0.03688798653772549369 0.10782233286522419080 
0.87734665422591007200 0.01593634280121055541 0.10671700297287946280 
0.86450011163277240556 0.04549128204475961362 0.09000860632246797388 
0.90641366334609907440 0.02139101791176774986 0.07219531874213307165 
0.88859317438459406446 0.01507509027231235949 0.09633173534309348585 
0.99999996842247396156 0.00000000100000000000 0.00000003057752610209 
0.92947672226228572612 0.00250542898195179470 0.06801784875576251388 
0.97592799881463765388 0.00000076635833448808 0.02407123482702792916 
0.92216071926972342787 0.01662596395696308571 0.06121331677331347254 
0.88451567225938798611 0.02789572234235905904 0.08758860539825290281 
0.99999998269590639755 0.00000000100000000000 0.00000001630409372560 
0.80890299981284852215 0.06453785699728073477 0.12655914318987068756 
0.00000000099999999983 0.99999999799999994554 0.00000000099999999983 
0.81093618199044470440 0.05347749112130813914 0.13558632688824731605 
0.81961007551254116965 0.05667200293333331945 0.12371792155412560110 
0.80267821468522759787 0.06766898536855418811 0.12965279994621820014 
0.79994728484572419358 0.06041700575078236962 0.13963570940349351313 
0.80596132710695367329 0.05588689087769657671 0.13815178201534972224 
0.80754526231689871540 0.06430910809224783808 0.12814562959085343263 
0.80272006772509896244 0.06248252624833777052 0.13479740602656317683 
0.80916018683190649163 0.06319511779553925457 0.12764469537255429543 
0.82658669762738035125 0.05366100226981063842 0.11975230010280914217 
0.81415038353469770804 0.07209456005730546790 0.11375505640799685181 
0.80738663551344980185 0.06112176795807550134 0.13149159652847466906 
0.81264031417053772532 0.05067755524498202685 0.13668213058448019925 
0.82479658842896586002 0.05168073359005487949 0.12352267798097917029 
0.82083219376086058450 0.05437599473909783543 0.12479181150004155232 
0.82289150057728166487 0.05431723421895377768 0.12279126520376452969 
0.81381410703582990340 0.05658540565329461813 0.12960048731087547846 
0.80799750114919299815 0.06553537642473242220 0.12646712242607449639 
0.00000000099999999983 0.99999999800000005656 0.00000000099999999983 
0.80620898960729603377 0.06775212969982702393 0.12603888069287697005 
0.80906369900593966271 0.06811784863721544181 0.12281845235684500650 
0.81296569423627573769 0.06083748374594091790 0.12619682201778331665 
0.80592457825394170357 0.07139616728302597415 0.12267925446303228065 
0.80354621324016228812 0.06965975058420537103 0.12679403617563239637 
0.81571833882195121657 0.06249607680704402646 0.12178558437100479861 
0.80730832646871120151 0.05433544675178234723 0.13835622677950643045 
0.79851987668818447119 0.06479138909376899735 0.13668873421804644819 
0.81682280747001589916 0.05947791124031949483 0.12369928128966452274 
0.81035814024724039939 0.05729459291745780253 0.13234726683530173563 
0.80199323345503514826 0.05713306002914159826 0.14087370651582317715 
0.79721014148429958368 0.06758955539148428504 0.13520030312421604801 
0.82420048144345769980 0.05659455336594308716 0.11920496519059925467 
0.81791480386971937566 0.06191088766831046031 0.12017430846197027505 
0.82160975362827959323 0.05144464778129474031 0.12694559859042561789 
0.79941988217318604715 0.06390222649620685980 0.13667789133060712081 
0.80615221586647656249 0.06690821911127124710 0.12693956502225228755 
0.80609817727199872817 0.06754532756996368958 0.12635649515803770715 
0.82480562767066922802 0.05362846629610053262 0.12156590603323014221 
0.81518595315301745075 0.05800758953856829242 0.12680645730841419438 
0.79648020262543162140 0.06623135766109443379 0.13728843971347395869 
0.79401161611515103100 0.06957706917912169498 0.13641131470572731565 
0.82729664447163597796 0.05717814751874410184 0.11552520800961989245 
0.81380873251152863190 0.04787992050197442673 0.13831134698649694137 
0.79612091917831939725 0.06571961684692033401 0.13815946397476025487 
0.79696674911524634233 0.06861290123788604811 0.13442034964686744303 
0.80236358436026522511 0.06103927176682923117 0.13659714387290555759 
0.80439580371187124896 0.06665668181430474404 0.12894751447382393761 
0.81661521984426566068 0.05661661608339391139 0.12676816407234034467 
0.80394230678784084354 0.06337630993749911179 0.13268138327466014181 
0.80083281776050929679 0.06275316665344678191 0.13641401558604399069 
0.80975124476322335454 0.06401916908733708278 0.12622958614943946554 
0.81580051458200408820 0.05634023737633577639 0.12785924804166015623 
0.80392042893444881635 0.06483441432031615548 0.13124515674523518083 
0.80692053707443911481 0.06214677501065822562 0.13093268791490264569 
